0 4389922 1673947761 285933 16 19547 0 0 449583
0 3751829 1673947761 302017 16 20122 0 0 420678
0 3418395 1673947761 317996 16 20697 0 0 448577
0 3473490 1673947761 333724 16 21272 0 0 449065
0 3929039 1673947761 365638 16 21847 0 0 449928
0 4583812 1673947761 381726 16 22422 0 0 422036
0 5263510 1673947761 397921 16 22997 0 0 449792
0 5747338 1673947761 413919 16 23572 0 0 448961
0 5847408 1673947761 445954 16 24147 0 0 448971
0 5533431 1673947761 461958 16 24722 0 0 421015
0 4731445 1673947761 477610 16 25297 0 0 449025
0 4052316 1673947761 509846 16 25872 0 0 450567
0 3557930 1673947761 525947 16 26447 0 0 422211
0 3394842 1673947761 541696 16 27022 0 0 420888
0 3642976 1673947761 557580 16 27597 0 0 449783
0 4268676 1673947761 589665 16 28172 0 0 450501
0 4964752 1673947761 605672 16 28747 0 0 423026
0 5605019 1673947761 621658 16 29322 0 0 422995
0 5839023 1673947761 637680 16 29897 0 0 451151
0 5770695 1673947761 669647 16 30472 0 0 451088
0 5303597 1673947761 685545 16 31047 0 0 421792
0 4686498 1673947761 701647 16 31622 0 0 450434
0 4022783 1673947761 717637 16 32197 0 0 450430
0 3540198 1673947761 749640 16 32772 0 0 449571
0 3375346 1673947761 765649 16 33347 0 0 421082
0 3557797 1673947761 781542 16 33922 0 0 449201
0 4058593 1673947761 797620 16 34497 0 0 449603
0 4694761 1673947761 829621 16 35072 0 0 449282
0 5319428 1673947761 845625 16 35647 0 0 421282
0 5729744 1673947761 861607 16 36222 0 0 449315
0 5856885 1673947761 877635 16 36797 0 0 449018
0 5742568 1673947761 909601 16 37371 0 0 449178
0 5391791 1673947761 925499 16 37947 0 0 421146
0 4824728 1673947761 941597 16 38522 0 0 449585
0 4279116 1673947761 957493 16 39096 0 0 449177
0 3728013 1673947761 989575 16 39671 0 0 449167
0 3462814 1673947762 5603 16 40246 0 0 421291
0 3370561 1673947762 21569 16 40821 0 0 449270
0 3528953 1673947762 53561 16 41396 0 0 449404
0 3907004 1673947762 69557 16 41971 0 0 421271
0 4450448 1673947762 85435 16 42546 0 0 421481
0 5034183 1673947762 101575 16 43121 0 0 449910
0 5439087 1673947762 133566 16 43696 0 0 449062
0 5708549 1673947762 149550 16 44271 0 0 421433
0 5853999 1673947762 165547 16 44846 0 0 421122
0 5766514 1673947762 181536 16 45421 0 0 449280
0 5503259 1673947762 213537 16 45996 0 0 449417
0 5147617 1673947762 229541 16 46571 0 0 421220
0 4635602 1673947762 245540 16 47146 0 0 449276
0 4162052 1673947762 261507 16 47721 0 0 449265
0 3774861 1673947762 293514 16 48296 0 0 448950
0 3470664 1673947762 309514 16 48871 0 0 421354
0 3370411 1673947762 325430 16 49446 0 0 449423
0 3430196 1673947762 341513 16 50021 0 0 449663
0 3695663 1673947762 373491 16 50596 0 0 449362
0 4090461 1673947762 389487 16 51171 0 0 421267
0 4537261 1673947762 405484 16 51746 0 0 449358
0 4910230 1673947762 421473 16 52321 0 0 449383
0 5332261 1673947762 453458 16 52896 0 0 449418
0 5641287 1673947762 469395 16 53471 0 0 421239
0 5827491 1673947762 485480 16 54046 0 0 449543
0 5847065 1673947762 501352 16 54621 0 0 449246
0 5748815 1673947762 533455 16 55196 0 0 449403
0 5519875 1673947762 549426 16 55771 0 0 421526
0 5249573 1673947762 565391 16 56346 0 0 449685
0 4898141 1673947762 581388 16 56921 0 0 449794
0 4579287 1673947762 613426 16 57496 0 0 449794
0 4207310 1673947762 629426 16 58071 0 0 421646
0 3896324 1673947762 645433 16 58645 0 0 449611
0 3653655 1673947762 677411 16 59220 0 0 449365
0 3467897 1673947762 693373 16 59795 0 0 421605
0 3370877 1673947762 709409 16 60370 0 0 421286
0 3367426 1673947762 725330 16 60946 0 0 449423
0 3450126 1673947762 757370 16 61521 0 0 449600
0 3644876 1673947762 773401 16 62095 0 0 421317
0 3876098 1673947762 789410 16 62670 0 0 421198
0 4208857 1673947762 805383 16 63245 0 0 449276
0 4529329 1673947762 837355 16 63820 0 0 449468
0 4858085 1673947762 853263 16 64395 0 0 421441
0 5197058 1673947762 869378 16 64970 0 0 449823
0 5461383 1673947762 885322 16 65545 0 0 449288
0 5710150 1673947762 917360 16 66120 0 0 449514
0 5814670 1673947762 933366 16 66695 0 0 421126
0 5881394 1673947762 949329 16 67270 0 0 449265
0 5860526 1673947762 965318 16 67845 0 0 449504
0 5785728 1673947762 997378 16 68420 0 0 449574
0 5599044 1673947763 13366 16 68995 0 0 421350
0 5413153 1673947763 29371 16 69570 0 0 449444
0 5185038 1673947763 45300 16 70145 0 0 449102
0 4895574 1673947763 77355 16 70720 0 0 449753
0 4531255 1673947763 93355 16 71295 0 0 421431
0 4174410 1673947763 109354 16 71870 0 0 449541
0 3857870 1673947763 125338 16 72445 0 0 449565
0 3670876 1673947763 157341 16 73020 0 0 449491
0 3477495 1673947763 173333 16 73595 0 0 421374
0 3390646 1673947763 189357 16 74170 0 0 449531
0 3356210 1673947763 205326 16 74745 0 0 449404
0 3399444 1673947763 237213 16 75320 0 0 449531
0 3537416 1673947763 253279 16 75895 0 0 421304
0 3758786 1673947763 269312 16 76470 0 0 449198
0 3925237 1673947763 301285 16 77045 0 0 449082
0 4150165 1673947763 317286 16 77620 0 0 421026
0 4469894 1673947763 333297 16 78195 0 0 420966
0 4838031 1673947763 349349 16 78770 0 0 449007
0 5058854 1673947763 381292 16 79345 0 0 448797
0 5328770 1673947763 397300 16 79920 0 0 420855
0 5587956 1673947763 413289 16 80495 0 0 420718
0 5667156 1673947763 429297 16 81070 0 0 448733
0 5787076 1673947763 461266 16 81645 0 0 448935
0 5895254 1673947763 477275 16 82219 0 0 420953
0 5893405 1673947763 493270 16 82794 0 0 448974
0 5777617 1673947763 509274 16 83369 0 0 448995
0 5618424 1673947763 541277 16 83945 0 0 449117
0 5413259 1673947763 557429 16 84520 0 0 421220
0 5312334 1673947763 573277 16 85094 0 0 448621
0 5013385 1673947763 589252 16 85669 0 0 449188
0 4699280 1673947763 621240 16 86244 0 0 449237
0 4372578 1673947763 637282 16 86819 0 0 421200
0 4037126 1673947763 653272 16 87394 0 0 449150
0 3846706 1673947763 669232 16 87969 0 0 449217
0 3637129 1673947763 701221 16 88544 0 0 449340
0 3531454 1673947763 717214 16 89119 0 0 421190
0 3374533 1673947763 733225 16 89694 0 0 449294
0 3347716 1673947763 749271 16 90269 0 0 449880
0 3403847 1673947763 781219 16 90844 0 0 449181
0 3509584 1673947763 797196 16 91419 0 0 421062
0 3620499 1673947763 813217 16 91994 0 0 449209
0 3806204 1673947763 829194 16 92569 0 0 449282
0 4135594 1673947763 861194 16 93144 0 0 449328
0 4375529 1673947763 877200 16 93719 0 0 421111
0 4739479 1673947763 893124 16 94294 0 0 449156
0 5011336 1673947763 925152 16 94869 0 0 449400
0 5260587 1673947763 941148 16 95444 0 0 421338
0 5452304 1673947763 957155 16 96019 0 0 421513
0 5721056 1673947763 973155 16 96594 0 0 449519
0 5847379 1673947764 5153 16 97169 0 0 449438
0 5902636 1673947764 21134 16 97744 0 0 421437
0 5867302 1673947764 37121 16 98319 0 0 421423
0 5786156 1673947764 53082 16 98894 0 0 449545
0 5715249 1673947764 85169 16 99469 0 0 449703
0 5390761 1673947764 101128 16 100044 0 0 421283
0 5181713 1673947764 117132 16 100619 0 0 449528
0 4858384 1673947764 133126 16 101194 0 0 449500
0 4601156 1673947764 165091 16 101769 0 0 449545
0 4269321 1673947764 181076 16 102344 0 0 421500
0 4118921 1673947764 197080 16 102919 0 0 449627
0 3886078 1673947764 213078 16 103494 0 0 449546
0 3579010 1673947764 245088 16 104069 0 0 449508
0 3430307 1673947764 261079 16 104644 0 0 421285
0 3354558 1673947764 277083 16 105218 0 0 449372
0 3351533 1673947764 293042 16 105793 0 0 449213
0 3407987 1673947764 325106 16 106369 0 0 449469
0 3537897 1673947764 341081 16 106944 0 0 421316
0 3741922 1673947764 357089 16 107518 0 0 449352
0 4005987 1673947764 373083 16 108093 0 0 449271
0 4403517 1673947764 405088 16 108668 0 0 449306
0 4700526 1673947764 421093 16 109243 0 0 421218
0 4814567 1673947764 437082 16 109818 0 0 449286
0 5067074 1673947764 453003 16 110393 0 0 449391
0 5363954 1673947764 485057 16 110968 0 0 449683
0 5575183 1673947764 501077 16 111543 0 0 421318
0 5786494 1673947764 517095 16 112118 0 0 449380
0 5883352 1673947764 549078 16 112693 0 0 449327
0 5900033 1673947764 564973 16 113268 0 0 421293
0 5859926 1673947764 581005 16 113843 0 0 421643
0 5713809 1673947764 597002 16 114418 0 0 449612
0 5535425 1673947764 629003 16 114993 0 0 449640
0 5244731 1673947764 645010 16 115568 0 0 421524
0 5063734 1673947764 661014 16 116143 0 0 421221
0 4763234 1673947764 676998 16 116718 0 0 449330
0 4415655 1673947764 708926 16 117293 0 0 449457
0 4199798 1673947764 724968 16 117868 0 0 421507
0 3911170 1673947764 744188 16 118443 0 0 449421
0 3685081 1673947764 756980 16 119018 0 0 439643
0 3493284 1673947764 788976 16 119593 0 0 453837
0 3388401 1673947764 804979 16 120168 0 0 425754
0 3342496 1673947764 820984 16 120743 0 0 453820
0 3366032 1673947764 836969 16 121318 0 0 453827
0 3445618 1673947764 868995 16 121893 0 0 453894
0 3583677 1673947764 884948 16 122468 0 0 425739
0 3770303 1673947764 900981 16 123043 0 0 453917
0 4051626 1673947764 916970 16 123618 0 0 453949
0 4352644 1673947764 948973 16 124193 0 0 463395
0 4679134 1673947764 964908 16 124768 0 0 421234
0 4865472 1673947764 980942 16 125343 0 0 449535
0 5170680 1673947764 996957 16 125917 0 0 449329
0 5483643 1673947765 28953 16 126493 0 0 449392
0 5648092 1673947765 44892 16 127068 0 0 421267
0 5767552 1673947765 60948 16 127642 0 0 449482
0 5858108 1673947765 92904 16 128217 0 0 449121
0 5878009 1673947765 108928 16 128792 0 0 421199
0 5808296 1673947765 124932 16 129367 0 0 421077
0 5656231 1673947765 140931 16 129942 0 0 449141
0 5453856 1673947765 172927 16 130517 0 0 448916
0 5228687 1673947765 188936 16 131092 0 0 421060
0 4994191 1673947765 204917 16 131667 0 0 420983
0 4676533 1673947765 220906 16 132242 0 0 449123
0 4404218 1673947765 252848 16 132817 0 0 449044
0 4094701 1673947765 268825 16 133392 0 0 421215
0 3820986 1673947765 284823 16 133967 0 0 449333
0 3644790 1673947765 300893 16 134542 0 0 449424
0 3494164 1673947765 332893 16 135117 0 0 449194
0 3373085 1673947765 348890 16 135692 0 0 421114
0 3340311 1673947765 364940 16 136267 0 0 449197
0 3395758 1673947765 380875 16 136842 0 0 449054
0 3501459 1673947765 412885 16 137417 0 0 449216
0 3615047 1673947765 428852 16 137992 0 0 421093
0 3841271 1673947765 444846 16 138567 0 0 449234
0 4176461 1673947765 460857 16 139142 0 0 449174
0 4428228 1673947765 492847 16 139717 0 0 449129
0 4718071 1673947765 508861 16 140292 0 0 421306
0 5085521 1673947765 524858 16 140867 0 0 449333
0 5318101 1673947765 540822 16 141442 0 0 449333
0 5616789 1673947765 572830 16 142017 0 0 449634
0 5728454 1673947765 588832 16 142592 0 0 421322
0 5840161 1673947765 604829 16 143167 0 0 449400
0 5878295 1673947765 620853 16 143742 0 0 449295
0 5851399 1673947765 652764 16 144317 0 0 449189
0 5757761 1673947765 668747 16 144892 0 0 421230
0 5629038 1673947765 684866 16 145467 0 0 449357
0 5309742 1673947765 716789 16 146042 0 0 448992
0 5052168 1673947765 732774 16 146617 0 0 420973
0 4788725 1673947765 748709 16 147192 0 0 420899
0 4484671 1673947765 764739 16 147766 0 0 449113
0 4182231 1673947765 796677 16 148341 0 0 449015
0 3973597 1673947765 812762 16 148916 0 0 420983
0 3620157 1673947765 828750 16 149491 0 0 420770
0 3422891 1673947765 844755 16 150067 0 0 448908
0 3366318 1673947765 876729 16 150641 0 0 448733
0 3353142 1673947765 892723 16 151216 0 0 421094
0 3407041 1673947765 908745 16 151791 0 0 449124
0 3539506 1673947765 924734 16 152366 0 0 448994
0 3807030 1673947765 956636 16 152941 0 0 448902
0 4040477 1673947765 972715 16 153516 0 0 421017
0 4242918 1673947765 988745 16 154091 0 0 448763
0 4529178 1673947766 4738 16 154666 0 0 448954
0 4868241 1673947766 36733 16 155241 0 0 448839
0 5097500 1673947766 52648 16 155816 0 0 420882
0 5389746 1673947766 68597 16 156391 0 0 449235
0 5684500 1673947766 84691 16 156966 0 0 449394
0 5801602 1673947766 116707 16 157541 0 0 449143
0 5876657 1673947766 132675 16 158116 0 0 421014
0 5888423 1673947766 148669 16 158691 0 0 449117
0 5826085 1673947766 164682 16 159266 0 0 449414
0 5704039 1673947766 196675 16 159841 0 0 449473
0 5444868 1673947766 212675 16 160416 0 0 421379
0 5171262 1673947766 228678 16 160991 0 0 449450
0 4848867 1673947766 244653 16 161566 0 0 449140
0 4488701 1673947766 276662 16 162141 0 0 449048
0 4209410 1673947766 292644 16 162716 0 0 421292
0 3924347 1673947766 308659 16 163291 0 0 449446
0 3653334 1673947766 340648 16 163866 0 0 449280
0 3448347 1673947766 356636 16 164441 0 0 421193
0 3360081 1673947766 372634 16 165016 0 0 421281
0 3333210 1673947766 388639 16 165591 0 0 449358
0 3391941 1673947766 420640 16 166166 0 0 449340
0 3486261 1673947766 436625 16 166741 0 0 421274
0 3771056 1673947766 452571 16 167316 0 0 421238
0 3986554 1673947766 468517 16 167891 0 0 449513
0 4282208 1673947766 500634 16 168466 0 0 449640
0 4581050 1673947766 516605 16 169041 0 0 421514
0 4981740 1673947766 532603 16 169615 0 0 449584
0 5190309 1673947766 548486 16 170190 0 0 449549
0 5519459 1673947766 580610 16 170765 0 0 449956
0 5713215 1673947766 596582 16 171340 0 0 421789
0 5841083 1673947766 612614 16 171915 0 0 449964
0 5911117 1673947766 628576 16 172490 0 0 449800
0 5893986 1673947766 660576 16 173065 0 0 449743
0 5799644 1673947766 676585 16 173640 0 0 421477
0 5655836 1673947766 692576 16 174215 0 0 449624
0 5311428 1673947766 708559 16 174790 0 0 449651
0 5119961 1673947766 740552 16 175365 0 0 449704
0 4867026 1673947766 756559 16 175940 0 0 421220
0 4473213 1673947766 772557 16 176515 0 0 449380
0 4224106 1673947766 788560 16 177090 0 0 449289
0 3941732 1673947766 820537 16 177665 0 0 449390
0 3636373 1673947766 836518 16 178240 0 0 421201
0 3446233 1673947766 852451 16 178815 0 0 449344
0 3362155 1673947766 868422 16 179390 0 0 449611
0 3325063 1673947766 900569 16 179965 0 0 449682
0 3345420 1673947766 916524 16 180540 0 0 421417
0 3428620 1673947766 932539 16 181115 0 0 449646
0 3669595 1673947766 964503 16 181690 0 0 449618
0 3887008 1673947766 980511 16 182265 0 0 421566
0 4202242 1673947766 996500 16 182840 0 0 421549
0 4519962 1673947767 12509 16 183415 0 0 449643
0 4861254 1673947767 44510 16 183990 0 0 449545
0 5085583 1673947767 60511 16 184565 0 0 421232
0 5396802 1673947767 76505 16 185140 0 0 421126
0 5668501 1673947767 92461 16 185715 0 0 449352
0 5798222 1673947767 124489 16 186290 0 0 449348
0 5906615 1673947767 140472 16 186865 0 0 421300
0 5929314 1673947767 156485 16 187440 0 0 449404
0 5834300 1673947767 172357 16 188015 0 0 449387
0 5762422 1673947767 204368 16 188590 0 0 449801
0 5438104 1673947767 220485 16 189165 0 0 421747
0 5179272 1673947767 236451 16 189740 0 0 449416
0 4840638 1673947767 252382 16 190315 0 0 449539
0 4481332 1673947767 284459 16 190890 0 0 449762
0 4148246 1673947767 300422 16 191465 0 0 421463
0 3939151 1673947767 316433 16 192039 0 0 449596
0 3682166 1673947767 332388 16 192614 0 0 449498
0 3517489 1673947767 364428 16 193189 0 0 449702
0 3442107 1673947767 380435 16 193764 0 0 421138
0 3321857 1673947767 396431 16 194339 0 0 449199
0 3350673 1673947767 412409 16 194914 0 0 449621
0 3426781 1673947767 444409 16 195489 0 0 449578
0 3596179 1673947767 460412 16 196064 0 0 421259
0 3766233 1673947767 476419 16 196639 0 0 449392
0 3991916 1673947767 492410 16 197214 0 0 449335
0 4291598 1673947767 524409 16 197789 0 0 449405
0 4740340 1673947767 540373 16 198364 0 0 421172
0 5103934 1673947767 556389 16 198939 0 0 449410
0 5395172 1673947767 588390 16 199514 0 0 449378
0 5580758 1673947767 604371 16 200089 0 0 421287
0 5739207 1673947767 620367 16 200664 0 0 421276
0 5898497 1673947767 636353 16 201239 0 0 449367
0 5926292 1673947767 668321 16 201814 0 0 449426
0 5862609 1673947767 684355 16 202389 0 0 421403
0 5748773 1673947767 700356 16 202964 0 0 421252
0 5584574 1673947767 716355 16 203539 0 0 449324
0 5405308 1673947767 748273 16 204114 0 0 449201
0 5110391 1673947767 764327 16 204689 0 0 421253
0 4729729 1673947767 780336 16 205264 0 0 449141
0 4417120 1673947767 796329 16 205839 0 0 449043
0 4127437 1673947767 828329 16 206414 0 0 449053
0 3860767 1673947767 844331 16 206989 0 0 420928
0 3633024 1673947767 860326 16 207564 0 0 448969
0 3431534 1673947767 876315 16 208139 0 0 449106
0 3331620 1673947767 908310 16 208714 0 0 449148
0 3335601 1673947767 924315 16 209289 0 0 421072
0 3394617 1673947767 940302 16 209864 0 0 449059
0 3573088 1673947767 956318 16 210439 0 0 449293
0 3674106 1673947767 988288 16 211014 0 0 449269
0 3969429 1673947768 4274 16 211589 0 0 421195
0 4350844 1673947768 20325 16 212164 0 0 449320
0 4739570 1673947768 36171 16 212739 0 0 449148
0 5020802 1673947768 68181 16 213314 0 0 449677
0 5320120 1673947768 84281 16 213889 0 0 421553
0 5547295 1673947768 100263 16 214463 0 0 449179
0 5738412 1673947768 132276 16 215038 0 0 449260
0 5881839 1673947768 148217 16 215613 0 0 421127
0 5910745 1673947768 164251 16 216188 0 0 421390
0 5893786 1673947768 180263 16 216763 0 0 449321
0 5794671 1673947768 212235 16 217338 0 0 449230
0 5665954 1673947768 233204 16 217913 0 0 421357
0 5487567 1673947768 244133 16 218488 0 0 407505
0 5110812 1673947768 260283 16 219063 0 0 461644
0 4784771 1673947768 292239 16 219638 0 0 461568
0 4641888 1673947768 308222 16 220213 0 0 433468
0 4086349 1673947768 324216 16 220788 0 0 461615
0 3885897 1673947768 340183 16 221363 0 0 461428
0 3652194 1673947768 372189 16 221938 0 0 461663
0 3495723 1673947768 388218 16 222513 0 0 433624
0 3356605 1673947768 404158 16 223088 0 0 461574
0 3326394 1673947768 420129 16 223663 0 0 475092
0 3365376 1673947768 452100 16 224238 0 0 449139
0 3554128 1673947768 468191 16 224813 0 0 421610
0 3622525 1673947768 484187 16 225388 0 0 449330
0 3985995 1673947768 500153 16 225963 0 0 449284
0 4203326 1673947768 532144 16 226538 0 0 449383
0 4491628 1673947768 548183 16 227113 0 0 421198
0 5016019 1673947768 564135 16 227688 0 0 449143
0 5269221 1673947768 580143 16 228263 0 0 449414
0 5453831 1673947768 612143 16 228838 0 0 449174
0 5659665 1673947768 628155 16 229413 0 0 420996
0 5808478 1673947768 644140 16 229988 0 0 449005
0 5901921 1673947768 660136 16 230563 0 0 449375
0 5873440 1673947768 692113 16 231138 0 0 449375
0 5712492 1673947768 708101 16 231713 0 0 421200
0 5557674 1673947768 724118 16 232288 0 0 449310
0 5336941 1673947768 756114 16 232863 0 0 449387
0 5036003 1673947768 772102 16 233438 0 0 421145
0 4690897 1673947768 788121 16 234013 0 0 421216
0 4434055 1673947768 804100 16 234588 0 0 449225
0 4007892 1673947768 836120 16 235163 0 0 449341
0 3819478 1673947768 852018 16 235738 0 0 421195
0 3536593 1673947768 868114 16 236313 0 0 421541
0 3381083 1673947768 884129 16 236887 0 0 449165
0 3325952 1673947768 916124 16 237462 0 0 449070
0 3353785 1673947768 932117 16 238037 0 0 421058
0 3627516 1673947768 948153 16 238612 0 0 449155
0 3851604 1673947768 964106 16 239187 0 0 448987
0 3998136 1673947768 996112 16 239762 0 0 449219
0 4320984 1673947769 12113 16 240337 0 0 421064
0 4722429 1673947769 28119 16 240912 0 0 449154
0 4949954 1673947769 44102 16 241487 0 0 448773
0 5281279 1673947769 76033 16 242062 0 0 449264
0 5542988 1673947769 92028 16 242637 0 0 421301
0 5710387 1673947769 108027 16 243212 0 0 449391
0 5801059 1673947769 124026 16 243787 0 0 449370
0 5899635 1673947769 156025 16 244362 0 0 449499
0 5857092 1673947769 172078 16 244937 0 0 421259
0 5734797 1673947769 187976 16 245512 0 0 449155
0 5526989 1673947769 203954 16 246087 0 0 449518
0 5300064 1673947769 235966 16 246662 0 0 449617
0 5039504 1673947769 251971 16 247237 0 0 421470
0 4651492 1673947769 267888 16 247812 0 0 449468
0 4269447 1673947769 283973 16 248387 0 0 449744
0 3945889 1673947769 315947 16 248962 0 0 449443
0 3628734 1673947769 331877 16 249537 0 0 421386
0 3471951 1673947769 347946 16 250112 0 0 449709
0 3321152 1673947769 379948 16 250687 0 0 449653
0 3340090 1673947769 395947 16 251262 0 0 421215
0 3355622 1673947769 411922 16 251837 0 0 421141
0 3496333 1673947769 427924 16 252412 0 0 449315
0 3725282 1673947769 459925 16 252987 0 0 449326
0 4046668 1673947769 475918 16 253562 0 0 420956
0 4356509 1673947769 491925 16 254137 0 0 421277
0 4628024 1673947769 507917 16 254712 0 0 449306
0 4995364 1673947769 539899 16 255287 0 0 449087
0 5201034 1673947769 555898 16 255862 0 0 421268
0 5540522 1673947769 571894 16 256437 0 0 449350
0 5749611 1673947769 587827 16 257011 0 0 449263
0 5813629 1673947769 619832 16 257587 0 0 449509
0 5910872 1673947769 635810 16 258162 0 0 421435
0 5830792 1673947769 651869 16 258736 0 0 449492
0 5781790 1673947769 667875 16 259311 0 0 449261
0 5508713 1673947769 699921 16 259886 0 0 449264
0 5313619 1673947769 715910 16 260461 0 0 421120
0 5068260 1673947769 731920 16 261036 0 0 449219
0 4740931 1673947769 747912 16 261611 0 0 449180
0 4398031 1673947769 779890 16 262186 0 0 449292
0 4197015 1673947769 795894 16 262761 0 0 420901
0 3739001 1673947769 811887 16 263336 0 0 448968
0 3559791 1673947769 827896 16 263911 0 0 449013
0 3474699 1673947769 859887 16 264486 0 0 449187
0 3352789 1673947769 875859 16 265061 0 0 421140
0 3305854 1673947769 891875 16 265636 0 0 449355
0 3353370 1673947769 907865 16 266211 0 0 449260
0 3606002 1673947769 939859 16 266786 0 0 449330
0 3753323 1673947769 955869 16 267361 0 0 421231
0 4030216 1673947769 971852 16 267936 0 0 449253
0 4350500 1673947770 3863 16 268511 0 0 449327
0 4629853 1673947770 19806 16 269086 0 0 421217
0 5009561 1673947770 35763 16 269661 0 0 421449
0 5281103 1673947770 51771 16 270236 0 0 449669
0 5675935 1673947770 83847 16 270811 0 0 449542
0 5716156 1673947770 99829 16 271386 0 0 421455
0 5881096 1673947770 115838 16 271961 0 0 421484
0 5915748 1673947770 131795 16 272536 0 0 449523
0 5805430 1673947770 163811 16 273111 0 0 449709
0 5670251 1673947770 179812 16 273686 0 0 421559
0 5328686 1673947770 195819 16 274261 0 0 449642
0 5112500 1673947770 211796 16 274836 0 0 449416
0 4836092 1673947770 243812 16 275411 0 0 449346
0 4521911 1673947770 259784 16 275986 0 0 421284
0 4211487 1673947770 275786 16 276561 0 0 449525
0 3927140 1673947770 291798 16 277136 0 0 449455
0 3573154 1673947770 323795 16 277711 0 0 449444
0 3451885 1673947770 339769 16 278286 0 0 421219
0 3356353 1673947770 355769 16 278861 0 0 449401
0 3317011 1673947770 371755 16 279436 0 0 449404
0 3346587 1673947770 403760 16 280011 0 0 449478
0 3494373 1673947770 419785 16 280586 0 0 421317
0 3726483 1673947770 435709 16 281160 0 0 449222
0 3936941 1673947770 451667 16 281735 0 0 449391
0 4295335 1673947770 483742 16 282310 0 0 449546
0 4504910 1673947770 499746 16 282885 0 0 421446
0 4850813 1673947770 515744 16 283460 0 0 449506
0 5210634 1673947770 547686 16 284035 0 0 449422
0 5514303 1673947770 563711 16 284610 0 0 421396
0 5761483 1673947770 579717 16 285185 0 0 421260
0 5822419 1673947770 595721 16 285760 0 0 449319
0 5913815 1673947770 627720 16 286335 0 0 449490
0 5923741 1673947770 643720 16 286910 0 0 421147
0 5804219 1673947770 659691 16 287485 0 0 420999
0 5651478 1673947770 675687 16 288060 0 0 449243
0 5333532 1673947770 707697 16 288635 0 0 449271
0 5073609 1673947770 723690 16 289210 0 0 421179
0 4790440 1673947770 739692 16 289785 0 0 449229
0 4348388 1673947770 755690 16 290360 0 0 449309
0 4065078 1673947770 787696 16 290935 0 0 449337
0 3736330 1673947770 803695 16 291510 0 0 421270
0 3520616 1673947770 819671 16 292085 0 0 449349
0 3335965 1673947770 835562 16 292660 0 0 449433
0 3322307 1673947770 867667 16 293235 0 0 449716
0 3323354 1673947770 883659 16 293810 0 0 421534
0 3457132 1673947770 899672 16 294385 0 0 449647
0 3660143 1673947770 915671 16 294960 0 0 449577
0 3921670 1673947770 947647 16 295535 0 0 449588
0 4203851 1673947770 963639 16 296110 0 0 421526
0 4511715 1673947770 979637 16 296685 0 0 449635
0 4734151 1673947770 995650 16 297260 0 0 449639
0 5135637 1673947771 27625 16 297835 0 0 449509
0 5407981 1673947771 43621 16 298410 0 0 421069
0 5664216 1673947771 59627 16 298985 0 0 449251
0 5849101 1673947771 75604 16 299560 0 0 449202
0 5937577 1673947771 107615 16 300135 0 0 449329
0 5912277 1673947771 123621 16 300710 0 0 421239
0 5848215 1673947771 139597 16 301284 0 0 449176
0 5659972 1673947771 171576 16 301860 0 0 449330
0 5375899 1673947771 187521 16 302434 0 0 421216
0 5133556 1673947771 203606 16 303009 0 0 421455
0 4905282 1673947771 219560 16 303584 0 0 449213
0 4556572 1673947771 251572 16 304159 0 0 449361
0 4168089 1673947771 267561 16 304734 0 0 421295
0 3876535 1673947771 283573 16 305309 0 0 421253
0 3603098 1673947771 299571 16 305884 0 0 449297
0 3465281 1673947771 331566 16 306459 0 0 449422
0 3340943 1673947771 347549 16 307034 0 0 421168
0 3313637 1673947771 363536 16 307609 0 0 449335
0 3340556 1673947771 379540 16 308184 0 0 449187
0 3480918 1673947771 411540 16 308759 0 0 449469
0 3746776 1673947771 427545 16 309334 0 0 421231
0 4040915 1673947771 443518 16 309909 0 0 449301
0 4149927 1673947771 459521 16 310484 0 0 449357
0 4519832 1673947771 491522 16 311059 0 0 449388
0 5027012 1673947771 507558 16 311634 0 0 421304
0 5238298 1673947771 523518 16 312209 0 0 449250
0 5495823 1673947771 539500 16 312784 0 0 449331
0 5808514 1673947771 571499 16 313359 0 0 449349
0 5843822 1673947771 587485 16 313934 0 0 421287
0 5906347 1673947771 603488 16 314509 0 0 449413
0 5920833 1673947771 619470 16 315084 0 0 449420
0 5820340 1673947771 651496 16 315659 0 0 449388
0 5600032 1673947771 667492 16 316234 0 0 421300
0 5348659 1673947771 683473 16 316809 0 0 449391
0 5081495 1673947771 699457 16 317384 0 0 449584
0 4717768 1673947771 731494 16 317959 0 0 449499
0 4333444 1673947771 747468 16 318534 0 0 421327
0 3945591 1673947771 763447 16 319109 0 0 449494
0 3785144 1673947771 795479 16 319684 0 0 449518
0 3511927 1673947771 811473 16 320259 0 0 421425
0 3393409 1673947771 827444 16 320834 0 0 421383
0 3314194 1673947771 843407 16 321409 0 0 449584
0 3302356 1673947771 875441 16 321984 0 0 449700
0 3409304 1673947771 891442 16 322559 0 0 421527
0 3596084 1673947771 907450 16 323134 0 0 421467
0 3750527 1673947771 923426 16 323709 0 0 449548
0 4028239 1673947771 955417 16 324284 0 0 449541
0 4284877 1673947771 971423 16 324858 0 0 421350
0 4616450 1673947771 987407 16 325433 0 0 449433
0 4953595 1673947772 3450 16 326008 0 0 449468
0 5207453 1673947772 35342 16 326583 0 0 449216
0 5516413 1673947772 51427 16 327158 0 0 421104
0 5703598 1673947772 67398 16 327733 0 0 448914
0 5806437 1673947772 83396 16 328308 0 0 449019
0 5901699 1673947772 115355 16 328883 0 0 449054
0 5877371 1673947772 131385 16 329458 0 0 420930
0 5793982 1673947772 147398 16 330033 0 0 448942
0 5644198 1673947772 163378 16 330608 0 0 448917
0 5403109 1673947772 195381 16 331183 0 0 448931
0 5102127 1673947772 211278 16 331758 0 0 421003
0 4715750 1673947772 227373 16 332333 0 0 449348
0 4336265 1673947772 243360 16 332908 0 0 449313
0 4006268 1673947772 275357 16 333483 0 0 449257
0 3840935 1673947772 291348 16 334058 0 0 421176
0 3577093 1673947772 307355 16 334633 0 0 449248
0 3399765 1673947772 323345 16 335208 0 0 449329
0 3301650 1673947772 355338 16 335783 0 0 449409
0 3310003 1673947772 371343 16 336358 0 0 421269
0 3402013 1673947772 387292 16 336933 0 0 449330
0 3497637 1673947772 419296 16 337508 0 0 449146
0 3808694 1673947772 435242 16 338083 0 0 421398
0 4177503 1673947772 451313 16 338658 0 0 421542
0 4386080 1673947772 467326 16 339233 0 0 449368
0 4778120 1673947772 499334 16 339808 0 0 449290
0 5124854 1673947772 515247 16 340383 0 0 421232
0 5368954 1673947772 531266 16 340958 0 0 421504
0 5586196 1673947772 547274 16 341533 0 0 449507
0 5796166 1673947772 579296 16 342108 0 0 449497
0 5871029 1673947772 595237 16 342683 0 0 421222
0 5865382 1673947772 611248 16 343258 0 0 449509
0 5818403 1673947772 627249 16 343833 0 0 449280
0 5716218 1673947772 659248 16 344408 0 0 449525
0 5480119 1673947772 675256 16 344983 0 0 421495
0 5071157 1673947772 691235 16 345558 0 0 449550
0 4819839 1673947772 707233 16 346132 0 0 449219
0 4483138 1673947772 739221 16 346708 0 0 449391
0 4190867 1673947772 755219 16 347282 0 0 421304
0 3849674 1673947772 771226 16 347857 0 0 449407
0 3655235 1673947772 787172 16 348432 0 0 449174
0 3433229 1673947772 819196 16 349007 0 0 449403
0 3336217 1673947772 835118 16 349582 0 0 421309
0 3286804 1673947772 851195 16 350157 0 0 449660
0 3339883 1673947772 867198 16 350732 0 0 449419
0 3458123 1673947772 899167 16 351307 0 0 449432
0 3688427 1673947772 915072 16 351882 0 0 421279
0 3966003 1673947772 931156 16 352457 0 0 449729
0 4279050 1673947772 963124 16 353032 0 0 449428
0 4614423 1673947772 979149 16 353607 0 0 421405
0 4936688 1673947772 995150 16 354182 0 0 421127
0 5211448 1673947773 11158 16 354757 0 0 449221
0 5430355 1673947773 43121 16 355332 0 0 448918
0 5651032 1673947773 59127 16 355907 0 0 421143
0 5828039 1673947773 75129 16 356482 0 0 421132
0 5891213 1673947773 91114 16 357057 0 0 449174
0 5867963 1673947773 123121 16 357632 0 0 448892
0 5765562 1673947773 139130 16 358207 0 0 421102
0 5634406 1673947773 155123 16 358782 0 0 449119
0 5446582 1673947773 171125 16 359357 0 0 449231
0 5093480 1673947773 203158 16 359932 0 0 449228
0 4652952 1673947773 219068 16 360507 0 0 421151
0 4273418 1673947773 235067 16 361082 0 0 449512
0 3981424 1673947773 251127 16 361657 0 0 449537
0 3701773 1673947773 283122 16 362232 0 0 449334
0 3519270 1673947773 299118 16 362807 0 0 421209
0 3326097 1673947773 315048 16 363382 0 0 449306
0 3299909 1673947773 331156 16 363957 0 0 449584
0 3369575 1673947773 363133 16 364532 0 0 449183
0 3575090 1673947773 379122 16 365107 0 0 421134
0 3708107 1673947773 395124 16 365682 0 0 449278
0 3961200 1673947773 411131 16 366257 0 0 448953
0 4274349 1673947773 443131 16 366831 0 0 448827
0 4634621 1673947773 459128 16 367407 0 0 421010
0 5077203 1673947773 475127 16 367982 0 0 449092
0 5372149 1673947773 491116 16 368557 0 0 449082
0 5558049 1673947773 523028 16 369131 0 0 448776
0 5657687 1673947773 539032 16 369707 0 0 421202
0 5828499 1673947773 554974 16 370281 0 0 449147
0 5893682 1673947773 587009 16 370856 0 0 449312
0 5823767 1673947773 602941 16 371431 0 0 421213
0 5711245 1673947773 619007 16 372006 0 0 421574
0 5540899 1673947773 635019 16 372581 0 0 449371
0 5308432 1673947773 667024 16 373156 0 0 449318
0 4916195 1673947773 682993 16 373731 0 0 421234
0 4497353 1673947773 699002 16 374306 0 0 421402
0 4215546 1673947773 714971 16 374881 0 0 449321
0 3886159 1673947773 746998 16 375456 0 0 449541
0 3759171 1673947773 763003 16 376031 0 0 421237
0 3498970 1673947773 778996 16 376606 0 0 449327
0 3400098 1673947773 794973 16 377181 0 0 449111
0 3307424 1673947773 826972 16 377756 0 0 449423
0 3321544 1673947773 842980 16 378331 0 0 421390
0 3504298 1673947773 858981 16 378906 0 0 449442
0 3734225 1673947773 874981 16 379481 0 0 449330
0 3927281 1673947773 906956 16 380056 0 0 449361
0 4186380 1673947773 922948 16 380631 0 0 421198
0 4446400 1673947773 938952 16 381206 0 0 449326
0 4779179 1673947773 955030 16 381781 0 0 449329
0 5258437 1673947773 986950 16 382356 0 0 449032
0 5428551 1673947774 2863 16 382931 0 0 420946
0 5689332 1673947774 18878 16 383506 0 0 449328
0 5771096 1673947774 34919 16 384081 0 0 449304
0 5890301 1673947774 66926 16 384656 0 0 449164
0 5889386 1673947774 82918 16 385231 0 0 421081
0 5766546 1673947774 98924 16 385806 0 0 449164
0 5606003 1673947774 114910 16 386381 0 0 449114
0 5388397 1673947774 146902 16 386956 0 0 449178
0 5154373 1673947774 162903 16 387531 0 0 421381
0 4820494 1673947774 178899 16 388106 0 0 449383
0 4546587 1673947774 210905 16 388681 0 0 449090
0 4116353 1673947774 226907 16 389256 0 0 421061
0 3837839 1673947774 242879 16 389830 0 0 421100
0 3634154 1673947774 258878 16 390406 0 0 449379
0 3460022 1673947774 290871 16 390981 0 0 449354
0 3335178 1673947774 306885 16 391555 0 0 421256
0 3301745 1673947774 322881 16 392130 0 0 421158
0 3350587 1673947774 338910 16 392705 0 0 449241
0 3529571 1673947774 370854 16 393280 0 0 449143
0 3756927 1673947774 386837 16 393855 0 0 421102
0 4043517 1673947774 402765 16 394430 0 0 449243
0 4414474 1673947774 418786 16 395005 0 0 449602
0 4583419 1673947774 450823 16 395580 0 0 449332
0 4941524 1673947774 466830 16 396155 0 0 421220
0 5373954 1673947774 482818 16 396730 0 0 449314
0 5555027 1673947774 498825 16 397305 0 0 449406
0 5779527 1673947774 530829 16 397880 0 0 449367
0 5854464 1673947774 546796 16 398455 0 0 421389
0 5906824 1673947774 562805 16 399030 0 0 449532
0 5895841 1673947774 578794 16 399605 0 0 449441
0 5715811 1673947774 610808 16 400180 0 0 449225
0 5545139 1673947774 626804 16 400755 0 0 421211
0 5336921 1673947774 642810 16 401330 0 0 449333
0 4925980 1673947774 658799 16 401905 0 0 449337
0 4578401 1673947774 690774 16 402480 0 0 449333
0 4279257 1673947774 706778 16 403055 0 0 421303
0 3966360 1673947774 722776 16 403630 0 0 449369
0 3683676 1673947774 738783 16 404205 0 0 449260
0 3479569 1673947774 770766 16 404780 0 0 449267
0 3332369 1673947774 786786 16 405355 0 0 421167
0 3306831 1673947774 802657 16 405930 0 0 449186
0 3336992 1673947774 834750 16 406505 0 0 449628
0 3490221 1673947774 850747 16 407080 0 0 421491
0 3729239 1673947774 866755 16 407655 0 0 421463
0 3971836 1673947774 882745 16 408230 0 0 449490
0 4285283 1673947774 914748 16 408805 0 0 449539
0 4603783 1673947774 930730 16 409380 0 0 421453
0 4906480 1673947774 946721 16 409955 0 0 421541
0 5225215 1673947774 962728 16 410530 0 0 449633
0 5555836 1673947774 994730 16 411105 0 0 449679
0 5757566 1673947775 10732 16 411680 0 0 421145
0 5868656 1673947775 26703 16 412255 0 0 449295
0 5914614 1673947775 42703 16 412829 0 0 449289
0 5900687 1673947775 74706 16 413405 0 0 449415
0 5738058 1673947775 90557 16 413979 0 0 421252
0 5491062 1673947775 106708 16 414554 0 0 449858
0 5152742 1673947775 122708 16 415129 0 0 449270
0 4935312 1673947775 154673 16 415704 0 0 449239
0 4425757 1673947775 170684 16 416279 0 0 421218
0 4237099 1673947775 186657 16 416854 0 0 449257
0 3916185 1673947775 202669 16 417429 0 0 449359
0 3628280 1673947775 234677 16 418004 0 0 449313
0 3444779 1673947775 250648 16 418579 0 0 421132
0 3336255 1673947775 266655 16 419154 0 0 449362
0 3313513 1673947775 282648 16 419729 0 0 448809
0 3349926 1673947775 314649 16 420304 0 0 449359
0 3442190 1673947775 330658 16 420879 0 0 421282
0 3677533 1673947775 346661 16 421454 0 0 449296
0 3928382 1673947775 378598 16 422029 0 0 449324
0 4075156 1673947775 394670 16 422604 0 0 421208
0 4704779 1673947775 410628 16 423179 0 0 420998
0 4916446 1673947775 426629 16 423754 0 0 449229
0 5169630 1673947775 458625 16 424329 0 0 449124
0 5423913 1673947775 474605 16 424904 0 0 421076
0 5717333 1673947775 490595 16 425479 0 0 421122
0 5812554 1673947775 506604 16 426054 0 0 449234
0 5884392 1673947775 538609 16 426629 0 0 449234
0 5881608 1673947775 554568 16 427204 0 0 421164
0 5777138 1673947775 570617 16 427779 0 0 449329
0 5609572 1673947775 586566 16 428354 0 0 449409
0 5279936 1673947775 618526 16 428929 0 0 449441
0 4993942 1673947775 634581 16 429504 0 0 421403
0 4761635 1673947775 650581 16 430079 0 0 449283
0 4329032 1673947775 666584 16 430654 0 0 449213
0 4056692 1673947775 698551 16 431229 0 0 449167
0 3697689 1673947775 714545 16 431804 0 0 421152
0 3525642 1673947775 730559 16 432379 0 0 449253
0 3405522 1673947775 746549 16 432954 0 0 449060
0 3311805 1673947775 778551 16 433529 0 0 449267
0 3312443 1673947775 794580 16 434104 0 0 421009
0 3430018 1673947775 810536 16 434678 0 0 448851
0 3553444 1673947775 826528 16 435253 0 0 449198
0 3861045 1673947775 858525 16 435828 0 0 449226
0 4112205 1673947775 874536 16 436403 0 0 421163
0 4386405 1673947775 890518 16 436978 0 0 449172
0 4819116 1673947775 906534 16 437553 0 0 449214
0 5097400 1673947775 938533 16 438128 0 0 449207
0 5350187 1673947775 954544 16 438703 0 0 421097
0 5645828 1673947775 970512 16 439278 0 0 449136
0 5801600 1673947776 2480 16 439853 0 0 449448
0 5847779 1673947776 18414 16 440428 0 0 421245
0 5883632 1673947776 34469 16 441003 0 0 421449
0 5772409 1673947776 50508 16 441578 0 0 449330
0 5613382 1673947776 82503 16 442153 0 0 449233
0 5459634 1673947776 98393 16 442728 0 0 421097
0 5157359 1673947776 114474 16 443303 0 0 421542
0 4858920 1673947776 130487 16 443878 0 0 449335
0 4581408 1673947776 162460 16 444453 0 0 449328
0 4168153 1673947776 178461 16 445028 0 0 421163
0 3920989 1673947776 194446 16 445603 0 0 449207
0 3654342 1673947776 210461 16 446178 0 0 449027
0 3436400 1673947776 242465 16 446753 0 0 449167
0 3322826 1673947776 258431 16 447328 0 0 421224
0 3292509 1673947776 274405 16 447903 0 0 449415
0 3312389 1673947776 290385 16 448478 0 0 449118
0 3457953 1673947776 322428 16 449053 0 0 449471
0 3666232 1673947776 338435 16 449628 0 0 421403
0 3943925 1673947776 354437 16 450203 0 0 449431
0 4159749 1673947776 370368 16 450778 0 0 449427
0 4499859 1673947776 402403 16 451353 0 0 449618
0 4730187 1673947776 418402 16 451928 0 0 421564
0 5222435 1673947776 434410 16 452503 0 0 449647
0 5527484 1673947776 450411 16 453078 0 0 449499
0 5639603 1673947776 482367 16 453653 0 0 449404
0 5808510 1673947776 498326 16 454228 0 0 421296
0 5855328 1673947776 514374 16 454803 0 0 449555
0 5824441 1673947776 530361 16 455378 0 0 449411
0 5688140 1673947776 562359 16 455953 0 0 449464
0 5485363 1673947776 578362 16 456528 0 0 421146
0 5210892 1673947776 594345 16 457102 0 0 449145
0 4922952 1673947776 626220 16 457678 0 0 449299
0 4562991 1673947776 642335 16 458252 0 0 421312
0 4253976 1673947776 658338 16 458827 0 0 420915
0 3910232 1673947776 674334 16 459402 0 0 448942
0 3670380 1673947776 706329 16 459977 0 0 448811
0 3469073 1673947776 722313 16 460552 0 0 420908
0 3346536 1673947776 738334 16 461127 0 0 420918
0 3289044 1673947776 754341 16 461702 0 0 448919
0 3312275 1673947776 786276 16 462277 0 0 449003
0 3419801 1673947776 802298 16 462852 0 0 420826
0 3594506 1673947776 818302 16 463427 0 0 448764
0 3800198 1673947776 834309 16 464002 0 0 449151
0 4226694 1673947776 866285 16 464577 0 0 449137
0 4545863 1673947776 882353 16 465152 0 0 421068
0 4788158 1673947776 898273 16 465727 0 0 448902
0 5147417 1673947776 914210 16 466302 0 0 449128
0 5478922 1673947776 946291 16 466877 0 0 449423
0 5577884 1673947776 962276 16 467452 0 0 421301
0 5826520 1673947776 978288 16 468027 0 0 449372
0 5842620 1673947776 994280 16 468602 0 0 449407
0 5838125 1673947777 26263 16 469177 0 0 449450
0 5715473 1673947777 42260 16 469752 0 0 421413
0 5567577 1673947777 58305 16 470327 0 0 449479
0 5352076 1673947777 74259 16 470902 0 0 449559
0 5038850 1673947777 106255 16 471477 0 0 449438
0 4761614 1673947777 122265 16 472052 0 0 421144
0 4339915 1673947777 138196 16 472627 0 0 449256
0 4028262 1673947777 154225 16 473202 0 0 449446
0 3704964 1673947777 186273 16 473777 0 0 449387
0 3655400 1673947777 202155 16 474352 0 0 421240
0 3382044 1673947777 218227 16 474927 0 0 449719
0 3305913 1673947777 250222 16 475502 0 0 449457
0 3285923 1673947777 266103 16 476077 0 0 421543
0 3339065 1673947777 282138 16 476652 0 0 421801
0 3568342 1673947777 298148 16 477227 0 0 449751
0 3698255 1673947777 330203 16 477802 0 0 449751
0 4021018 1673947777 346203 16 478377 0 0 421384
0 4358679 1673947777 362206 16 478952 0 0 421486
0 4767785 1673947777 378067 16 479526 0 0 449496
0 5068503 1673947777 410188 16 480102 0 0 449669
0 5345796 1673947777 426192 16 480676 0 0 421690
0 5529466 1673947777 442170 16 481251 0 0 449748
0 5759874 1673947777 458193 16 481826 0 0 449404
0 5841998 1673947777 490177 16 482401 0 0 449446
0 5852195 1673947777 506116 16 482976 0 0 421419
0 5772445 1673947777 522190 16 483551 0 0 449758
0 5654683 1673947777 538147 16 484126 0 0 449500
0 5502394 1673947777 570131 16 484701 0 0 449759
0 5252366 1673947777 586167 16 485276 0 0 421107
0 4877711 1673947777 602084 16 485851 0 0 449211
0 4590222 1673947777 618129 16 486426 0 0 449518
0 4143405 1673947777 650140 16 487001 0 0 449283
0 3818346 1673947777 666131 16 487576 0 0 421278
0 3590545 1673947777 682083 16 488151 0 0 449372
0 3478841 1673947777 698166 16 488726 0 0 449326
0 3326623 1673947777 730148 16 489301 0 0 449295
0 3284650 1673947777 746084 16 489876 0 0 421083
0 3362674 1673947777 762130 16 490451 0 0 449370
0 3585421 1673947777 778083 16 491026 0 0 449336
0 3685887 1673947777 810138 16 491601 0 0 449208
0 3920209 1673947777 826143 16 492176 0 0 421241
0 4183876 1673947777 842141 16 492751 0 0 449310
0 4502599 1673947777 874135 16 493326 0 0 449285
0 4954867 1673947777 890144 16 493901 0 0 421045
0 5312499 1673947777 906128 16 494476 0 0 421303
0 5431405 1673947777 922137 16 495051 0 0 449420
0 5627371 1673947777 954194 16 495626 0 0 449163
0 5843670 1673947777 970125 16 496201 0 0 421198
0 5876275 1673947777 986093 16 496776 0 0 421276
0 5809407 1673947778 2050 16 497351 0 0 449512
0 5646999 1673947778 34049 16 497926 0 0 449681
0 5471853 1673947778 50049 16 498501 0 0 421599
0 5280566 1673947778 66038 16 499076 0 0 449670
0 4948408 1673947778 82023 16 499651 0 0 449740
0 4520763 1673947778 114037 16 500226 0 0 449737
0 4265061 1673947778 130030 16 500801 0 0 421680
0 3829266 1673947778 145970 16 501376 0 0 449830
0 3654304 1673947778 162032 16 501950 0 0 449700
0 3508527 1673947778 194012 16 502525 0 0 449371
0 3366456 1673947778 210011 16 503100 0 0 421161
0 3287384 1673947778 226018 16 503675 0 0 449240
0 3307991 1673947778 242009 16 504250 0 0 449215
0 3467582 1673947778 274007 16 504825 0 0 449208
0 3610569 1673947778 290018 16 505400 0 0 421081
0 3873118 1673947778 306003 16 505975 0 0 449131
0 4081155 1673947778 321993 16 506550 0 0 449159
0 4552951 1673947778 353994 16 507125 0 0 449081
0 4918800 1673947778 369972 16 507700 0 0 421221
0 5108931 1673947778 385934 16 508275 0 0 449357
0 5447644 1673947778 417954 16 508850 0 0 449487
0 5598094 1673947778 434011 16 509425 0 0 421418
0 5732222 1673947778 449966 16 510000 0 0 421187
0 5854033 1673947778 465960 16 510575 0 0 449420
0 5892283 1673947778 497963 16 511150 0 0 449479
0 5843891 1673947778 513960 16 511725 0 0 421348
0 5693504 1673947778 529961 16 512300 0 0 421323
0 5464356 1673947778 545943 16 512875 0 0 449397
0 5223231 1673947778 577942 16 513450 0 0 449383
0 4963825 1673947778 593942 16 514025 0 0 421174
0 4613136 1673947778 609935 16 514600 0 0 449267
0 4436201 1673947778 625939 16 515175 0 0 449491
0 3996810 1673947778 657921 16 515750 0 0 449319
0 3784409 1673947778 673904 16 516325 0 0 421237
0 3570145 1673947778 689946 16 516900 0 0 449376
0 3437854 1673947778 705928 16 517475 0 0 449218
0 3295672 1673947778 737933 16 518050 0 0 449285
0 3294865 1673947778 753950 16 518625 0 0 421141
0 3361566 1673947778 769904 16 519200 0 0 449157
0 3587862 1673947778 785854 16 519775 0 0 449319
0 3791450 1673947778 817912 16 520350 0 0 449470
0 4080795 1673947778 833953 16 520925 0 0 421357
0 4407368 1673947778 849917 16 521500 0 0 449274
0 4616132 1673947778 865885 16 522074 0 0 449243
0 4900397 1673947778 897886 16 522649 0 0 449503
0 5251221 1673947778 913888 16 523225 0 0 421411
0 5558914 1673947778 929880 16 523800 0 0 449485
0 5690030 1673947778 945892 16 524374 0 0 449475
0 5833168 1673947778 977861 16 524949 0 0 449271
0 5892432 1673947778 993875 16 525524 0 0 421046
0 5881015 1673947779 9862 16 526099 0 0 449124
0 5718773 1673947779 41845 16 526674 0 0 449313
0 5535765 1673947779 57872 16 527249 0 0 421223
0 5375325 1673947779 73852 16 527824 0 0 421016
0 5087353 1673947779 89849 16 528399 0 0 449114
0 4677036 1673947779 121844 16 528974 0 0 449132
0 4426461 1673947779 137849 16 529549 0 0 421130
0 4028048 1673947779 153847 16 530124 0 0 421154
0 3716243 1673947779 169829 16 530699 0 0 449210
0 3567205 1673947779 201756 16 531274 0 0 449323
0 3399103 1673947779 217808 16 531849 0 0 421265
0 3313789 1673947779 233820 16 532424 0 0 449144
0 3292662 1673947779 249818 16 532999 0 0 449197
0 3353036 1673947779 281722 16 533574 0 0 449134
0 3527643 1673947779 297795 16 534149 0 0 421131
0 3628665 1673947779 313771 16 534724 0 0 448948
0 3909597 1673947779 329770 16 535299 0 0 449050
0 4189514 1673947779 361785 16 535874 0 0 449047
0 4478328 1673947779 377804 16 536449 0 0 420894
0 4803590 1673947779 393793 16 537024 0 0 448839
0 5171590 1673947779 409780 16 537599 0 0 449060
0 5388305 1673947779 441764 16 538174 0 0 449148
0 5591169 1673947779 457772 16 538749 0 0 421078
0 5787299 1673947779 473756 16 539324 0 0 449042
0 5861873 1673947779 489774 16 539899 0 0 449353
0 5893600 1673947779 521770 16 540474 0 0 449206
0 5798572 1673947779 537735 16 541049 0 0 421130
0 5737972 1673947779 553756 16 541624 0 0 449342
0 5540473 1673947779 569738 16 542199 0 0 449335
0 5242917 1673947779 601678 16 542774 0 0 449360
0 4873467 1673947779 617741 16 543349 0 0 421291
0 4545235 1673947779 633739 16 543924 0 0 449133
0 4116972 1673947779 665718 16 544498 0 0 449070
0 3960917 1673947779 681648 16 545073 0 0 420956
0 3736967 1673947779 697724 16 545648 0 0 421266
0 3497346 1673947779 713718 16 546223 0 0 449073
0 3349468 1673947779 745696 16 546799 0 0 449069
0 3289738 1673947779 761700 16 547373 0 0 421037
0 3321465 1673947779 777685 16 547948 0 0 420959
0 3451278 1673947779 793702 16 548523 0 0 449035
0 3555721 1673947779 825697 16 549098 0 0 449196
0 3724788 1673947779 841688 16 549673 0 0 421215
0 4109261 1673947779 857703 16 550248 0 0 449304
0 4409190 1673947779 873661 16 550823 0 0 449005
0 4787552 1673947779 905638 16 551398 0 0 449418
0 5008744 1673947779 921699 16 551973 0 0 421243
0 5252043 1673947779 937635 16 552548 0 0 449136
0 5501857 1673947779 953583 16 553123 0 0 449375
0 5764360 1673947779 985642 16 553698 0 0 449506
0 5848280 1673947780 1650 16 554273 0 0 421438
0 5875986 1673947780 17640 16 554848 0 0 449481
0 5849716 1673947780 33594 16 555423 0 0 449485
0 5738287 1673947780 65621 16 555998 0 0 449699
0 5578357 1673947780 81627 16 556573 0 0 421452
0 5248848 1673947780 97627 16 557148 0 0 449487
0 4916131 1673947780 113616 16 557723 0 0 449700
0 4646425 1673947780 145618 16 558298 0 0 449513
0 4289775 1673947780 161623 16 558873 0 0 421252
0 4041080 1673947780 177587 16 559448 0 0 449362
0 3767770 1673947780 193598 16 560023 0 0 449517
0 3542549 1673947780 225604 16 560598 0 0 449443
0 3352467 1673947780 241583 16 561173 0 0 421200
0 3289861 1673947780 257606 16 561748 0 0 449374
0 3335445 1673947780 289575 16 562323 0 0 449314
0 3397584 1673947780 305505 16 562898 0 0 421265
0 3527758 1673947780 321527 16 563473 0 0 421473
0 3920633 1673947780 337570 16 564048 0 0 449474
0 4260344 1673947780 369562 16 564623 0 0 449341
0 4556329 1673947780 385545 16 565198 0 0 421145
0 4916450 1673947780 401554 16 565773 0 0 421244
0 5076004 1673947780 417549 16 566348 0 0 449293
0 5328898 1673947780 449557 16 566922 0 0 449140
0 5583223 1673947780 465555 16 567497 0 0 421137
0 5770914 1673947780 481553 16 568072 0 0 449193
0 5846886 1673947780 497558 16 568647 0 0 448953
0 5837318 1673947780 529526 16 569222 0 0 449013
0 5790950 1673947780 545524 16 569797 0 0 421115
0 5634389 1673947780 561536 16 570372 0 0 449191
0 5432739 1673947780 577524 16 570947 0 0 449090
0 5163313 1673947780 609514 16 571522 0 0 449163
0 4742108 1673947780 625500 16 572097 0 0 421176
0 4276842 1673947780 641484 16 572672 0 0 449308
0 4085806 1673947780 657497 16 573247 0 0 449358
0 3827604 1673947780 689501 16 573822 0 0 449305
0 3558726 1673947780 705496 16 574397 0 0 421243
0 3335495 1673947780 721512 16 574972 0 0 449308
0 3305205 1673947780 737402 16 575547 0 0 449245
0 3322759 1673947780 769409 16 576122 0 0 449676
0 3389793 1673947780 785473 16 576697 0 0 421552
0 3527856 1673947780 801487 16 577272 0 0 449395
0 3734743 1673947780 833440 16 577847 0 0 449297
0 4092921 1673947780 849439 16 578422 0 0 421206
0 4337278 1673947780 865487 16 578997 0 0 421255
0 4691761 1673947780 881452 16 579572 0 0 449167
0 4991241 1673947780 913446 16 580147 0 0 449272
0 5241460 1673947780 929439 16 580722 0 0 421258
0 5538568 1673947780 945449 16 581297 0 0 420893
0 5755628 1673947780 961459 16 581872 0 0 448941
0 5827608 1673947780 993452 16 582447 0 0 449129
0 5835918 1673947781 9445 16 583022 0 0 421108
0 5792237 1673947781 25460 16 583597 0 0 449168
0 5707893 1673947781 41424 16 584172 0 0 449112
0 5466889 1673947781 73379 16 584747 0 0 449406
0 5151852 1673947781 89408 16 585322 0 0 421247
0 4952116 1673947781 105353 16 585897 0 0 449216
0 4611594 1673947781 121394 16 586472 0 0 449385
0 4191763 1673947781 153395 16 587047 0 0 449277
0 3996063 1673947781 169321 16 587622 0 0 421235
0 3757000 1673947781 185397 16 588197 0 0 449566
0 3476021 1673947781 201395 16 588771 0 0 449178
0 3331070 1673947781 233391 16 589346 0 0 449238
0 3296084 1673947781 249379 16 589921 0 0 421039
0 3308125 1673947781 265333 16 590496 0 0 449117
0 3379926 1673947781 281364 16 591071 0 0 449381
0 3548756 1673947781 313368 16 591646 0 0 449079
0 3827737 1673947781 329377 16 592221 0 0 421142
0 4006250 1673947781 345259 16 592796 0 0 449188
0 4292773 1673947781 361351 16 593371 0 0 449344
0 4762145 1673947781 393317 16 593946 0 0 449386
0 5033472 1673947781 409353 16 594521 0 0 421333
0 5314714 1673947781 425342 16 595096 0 0 449279
0 5612657 1673947781 457328 16 595671 0 0 449276
0 5778778 1673947781 473287 16 596246 0 0 421050
0 5843780 1673947781 489282 16 596821 0 0 421303
0 5837757 1673947781 505286 16 597396 0 0 449400
0 5807392 1673947781 537280 16 597971 0 0 449417
0 5616135 1673947781 553277 16 598546 0 0 420929
0 5398254 1673947781 569219 16 599121 0 0 421261
0 4965443 1673947781 585294 16 599696 0 0 449511
0 4726520 1673947781 617314 16 600271 0 0 449376
0 4405817 1673947781 633295 16 600846 0 0 421243
0 4097028 1673947781 649306 16 601421 0 0 449374
0 3827337 1673947781 665211 16 601996 0 0 449191
0 3459025 1673947781 697270 16 602571 0 0 449509
0 3440312 1673947781 713276 16 603146 0 0 421395
0 3321832 1673947781 729278 16 603721 0 0 449445
0 3306429 1673947781 745190 16 604296 0 0 449427
0 3435464 1673947781 777147 16 604871 0 0 449534
0 3520766 1673947781 793247 16 605446 0 0 421757
0 3796866 1673947781 809288 16 606021 0 0 449502
0 4038463 1673947781 825245 16 606596 0 0 449292
0 4400522 1673947781 857246 16 607171 0 0 449482
0 4616383 1673947781 873270 16 607746 0 0 421069
0 5065487 1673947781 889236 16 608321 0 0 449113
0 5344333 1673947781 905270 16 608896 0 0 449254
0 5573073 1673947781 937128 16 609471 0 0 449142
0 5755763 1673947781 953217 16 610046 0 0 420880
0 5833147 1673947781 969154 16 610621 0 0 448608
0 5855918 1673947781 985215 16 611195 0 0 449081
0 5792531 1673947782 17197 16 611770 0 0 449011
0 5674030 1673947782 33172 16 612345 0 0 420799
0 5484931 1673947782 49202 16 612920 0 0 448964
0 5200776 1673947782 81180 16 613495 0 0 448943
0 4855654 1673947782 97173 16 614070 0 0 420767
0 4587230 1673947782 113200 16 614645 0 0 420910
0 4247514 1673947782 129155 16 615220 0 0 448767
0 3977022 1673947782 161155 16 615795 0 0 449236
0 3745733 1673947782 177152 16 616370 0 0 421036
0 3492007 1673947782 193156 16 616945 0 0 421259
0 3327983 1673947782 209136 16 617520 0 0 449306
0 3287821 1673947782 241150 16 618095 0 0 449288
0 3297319 1673947782 257149 16 618670 0 0 421305
0 3421595 1673947782 273158 16 619245 0 0 449365
0 3612133 1673947782 289151 16 619820 0 0 449309
0 3875922 1673947782 321148 16 620395 0 0 449428
0 4203101 1673947782 337064 16 620970 0 0 421196
0 4467733 1673947782 353141 16 621545 0 0 449569
0 4797369 1673947782 369073 16 622120 0 0 449289
0 5060139 1673947782 401166 16 622695 0 0 449543
0 5402138 1673947782 417154 16 623270 0 0 421315
0 5603426 1673947782 433145 16 623845 0 0 449446
0 5809980 1673947782 449182 16 624420 0 0 449474
0 5861787 1673947782 481168 16 624995 0 0 449376
0 5852690 1673947782 497163 16 625570 0 0 421287
0 5816022 1673947782 513174 16 626145 0 0 449379
0 5599601 1673947782 529138 16 626720 0 0 449044
0 5295259 1673947782 561138 16 627295 0 0 449439
0 4982105 1673947782 577137 16 627870 0 0 421123
0 4714465 1673947782 593139 16 628445 0 0 449284
0 4443594 1673947782 608976 16 629020 0 0 449235
0 4224556 1673947782 641051 16 629595 0 0 449782
0 3739032 1673947782 657054 16 630170 0 0 421769
0 3553922 1673947782 673098 16 630745 0 0 449823
0 3335044 1673947782 705078 16 631320 0 0 449651
0 3283445 1673947782 721042 16 631895 0 0 421631
0 3308700 1673947782 737045 16 632470 0 0 421631
0 3347468 1673947782 753013 16 633044 0 0 449599
0 3535133 1673947782 785032 16 633619 0 0 449708
0 3780472 1673947782 801027 16 634194 0 0 421622
0 4225930 1673947782 817046 16 634769 0 0 421062
0 4510912 1673947782 833039 16 635344 0 0 449137
0 4768769 1673947782 865004 16 635919 0 0 449172
0 4996032 1673947782 881032 16 636494 0 0 421281
0 5404903 1673947782 897022 16 637069 0 0 449241
0 5604592 1673947782 913031 16 637644 0 0 449150
0 5782796 1673947782 945008 16 638219 0 0 449226
0 5859099 1673947782 960972 16 638794 0 0 421058
0 5860671 1673947782 977001 16 639369 0 0 449277
0 5824855 1673947782 993017 16 639944 0 0 449158
0 5613800 1673947783 25038 16 640519 0 0 449169
0 5488700 1673947783 40993 16 641094 0 0 421049
0 5253127 1673947783 57022 16 641669 0 0 449253
0 4904069 1673947783 73058 16 642244 0 0 449250
0 4516770 1673947783 105032 16 642819 0 0 449089
0 4163874 1673947783 121013 16 643394 0 0 421067
0 3949731 1673947783 137010 16 643969 0 0 449190
0 3645828 1673947783 153001 16 644544 0 0 449073
0 3410654 1673947783 185008 16 645119 0 0 449207
0 3325270 1673947783 201004 16 645694 0 0 421180
0 3280991 1673947783 217008 16 646269 0 0 449289
0 3301821 1673947783 232984 16 646844 0 0 449117
0 3359578 1673947783 265005 16 647419 0 0 449303
0 3601096 1673947783 280973 16 647994 0 0 421334
0 3850786 1673947783 296978 16 648569 0 0 449500
0 4164322 1673947783 328989 16 649144 0 0 449416
0 4435252 1673947783 344949 16 649719 0 0 421319
0 4670663 1673947783 360963 16 650294 0 0 421428
0 4957794 1673947783 376962 16 650869 0 0 449462
0 5319924 1673947783 408971 16 651444 0 0 449451
0 5558947 1673947783 424962 16 652019 0 0 421381
0 5752009 1673947783 440963 16 652594 0 0 421328
0 5859307 1673947783 456939 16 653169 0 0 449419
0 5866025 1673947783 488931 16 653744 0 0 449391
0 5845703 1673947783 504941 16 654319 0 0 421340
0 5737479 1673947783 520932 16 654894 0 0 449390
0 5589127 1673947783 536939 16 655468 0 0 449184
0 5235212 1673947783 568851 16 656043 0 0 449208
0 4923821 1673947783 584912 16 656618 0 0 421206
0 4648452 1673947783 600914 16 657193 0 0 449077
0 4423741 1673947783 616914 16 657768 0 0 449038
0 4099449 1673947783 648915 16 658343 0 0 449042
0 3785105 1673947783 664902 16 658918 0 0 420880
0 3518584 1673947783 680910 16 659493 0 0 448995
0 3361619 1673947783 696889 16 660068 0 0 449002
0 3292576 1673947783 728891 16 660643 0 0 449142
0 3287293 1673947783 744833 16 661218 0 0 421088
0 3356165 1673947783 760881 16 661793 0 0 449292
0 3524096 1673947783 776896 16 662368 0 0 449337
0 3758731 1673947783 808881 16 662943 0 0 449291
0 4074538 1673947783 824886 16 663518 0 0 421228
0 4396757 1673947783 840864 16 664093 0 0 449288
0 4634384 1673947783 872841 16 664668 0 0 449319
0 5056645 1673947783 888864 16 665243 0 0 421292
0 5331229 1673947783 904874 16 665818 0 0 421137
0 5569164 1673947783 920861 16 666393 0 0 449180
0 5755550 1673947783 952835 16 666968 0 0 449021
0 5838651 1673947783 968780 16 667543 0 0 421136
0 5854732 1673947783 984846 16 668118 0 0 421382
0 5748278 1673947784 847 16 668693 0 0 449215
0 5579612 1673947784 32830 16 669268 0 0 449229
0 5338269 1673947784 54180 16 669843 0 0 421090
0 5001586 1673947784 65171 16 670418 0 0 435075
0 4769115 1673947784 80808 16 670993 0 0 460746
0 4565817 1673947784 112789 16 671568 0 0 462085
0 4055751 1673947784 128803 16 672143 0 0 433980
0 3789321 1673947784 144783 16 672718 0 0 461984
0 3579543 1673947784 160777 16 673293 0 0 461861
0 3412071 1673947784 192776 16 673868 0 0 462112
0 3313367 1673947784 208759 16 674443 0 0 434041
0 3290899 1673947784 224778 16 675018 0 0 462162
0 3392782 1673947784 240702 16 675592 0 0 476068
0 3549448 1673947784 272763 16 676168 0 0 450844
0 3724945 1673947784 288766 16 676742 0 0 421362
0 4050506 1673947784 304764 16 677317 0 0 449411
0 4351629 1673947784 320765 16 677892 0 0 449467
0 4614658 1673947784 352757 16 678467 0 0 449393
0 5034687 1673947784 368665 16 679042 0 0 421303
0 5309634 1673947784 384721 16 679617 0 0 449703
0 5517790 1673947784 400743 16 680192 0 0 449447
0 5735998 1673947784 432735 16 680767 0 0 449535
0 5831135 1673947784 448669 16 681342 0 0 421099
0 5848539 1673947784 464705 16 681917 0 0 449510
0 5765211 1673947784 496710 16 682492 0 0 449395
0 5578447 1673947784 512709 16 683067 0 0 421307
0 5332391 1673947784 528722 16 683642 0 0 421314
0 5164751 1673947784 544692 16 684217 0 0 449338
0 4779367 1673947784 576684 16 684792 0 0 449118
0 4448642 1673947784 592690 16 685367 0 0 421245
0 4005409 1673947784 608682 16 685942 0 0 421301
0 3674097 1673947784 624689 16 686517 0 0 449398
0 3511667 1673947784 656689 16 687092 0 0 449141
0 3349294 1673947784 672694 16 687667 0 0 421191
0 3286621 1673947784 688660 16 688242 0 0 449254
0 3298441 1673947784 704645 16 688817 0 0 449370
0 3396666 1673947784 736691 16 689392 0 0 449468
0 3616035 1673947784 752652 16 689967 0 0 421247
0 3842115 1673947784 768570 16 690542 0 0 449453
0 4119579 1673947784 784661 16 691117 0 0 449763
0 4464765 1673947784 816638 16 691692 0 0 449418
0 4844335 1673947784 832639 16 692267 0 0 421386
0 5179377 1673947784 848534 16 692842 0 0 449459
0 5512611 1673947784 864631 16 693417 0 0 449847
0 5705917 1673947784 896640 16 693992 0 0 449389
0 5794948 1673947784 912588 16 694567 0 0 421253
0 5836638 1673947784 928619 16 695142 0 0 449552
0 5781016 1673947784 944832 16 695717 0 0 449306
0 5659469 1673947784 976610 16 696292 0 0 448279
0 5416003 1673947784 992614 16 696867 0 0 420717
0 5211028 1673947785 8610 16 697441 0 0 448661
0 4869345 1673947785 24585 16 698016 0 0 448679
0 4627946 1673947785 56591 16 698591 0 0 448396
0 4200122 1673947785 72583 16 699166 0 0 420653
0 3855744 1673947785 88591 16 699741 0 0 448765
0 3592591 1673947785 120552 16 700316 0 0 448554
0 3413229 1673947785 136588 16 700891 0 0 420620
0 3303038 1673947785 152545 16 701466 0 0 421232
0 3286814 1673947785 168437 16 702041 0 0 449263
0 3357363 1673947785 200562 16 702616 0 0 449757
0 3517193 1673947785 216556 16 703191 0 0 421557
0 3708420 1673947785 232535 16 703766 0 0 421490
0 3999710 1673947785 248500 16 704341 0 0 449646
0 4278989 1673947785 280531 16 704916 0 0 449741
0 4578015 1673947785 296539 16 705491 0 0 421665
0 4882848 1673947785 312533 16 706066 0 0 449679
0 5150821 1673947785 328546 16 706641 0 0 449826
0 5501847 1673947785 360505 16 707216 0 0 449629
0 5620419 1673947785 376496 16 707791 0 0 421208
0 5778053 1673947785 392514 16 708366 0 0 449425
0 5823745 1673947785 408432 16 708941 0 0 449340
0 5801006 1673947785 440506 16 709516 0 0 449556
0 5661205 1673947785 456546 16 710091 0 0 421292
0 5455588 1673947785 472475 16 710666 0 0 449255
0 5120815 1673947785 488482 16 711241 0 0 449533
0 4856217 1673947785 520479 16 711816 0 0 449488
0 4502206 1673947785 536478 16 712391 0 0 421460
0 4230037 1673947785 552446 16 712966 0 0 449504
0 3810316 1673947785 568450 16 713541 0 0 449585
0 3566994 1673947785 600458 16 714116 0 0 449634
0 3418514 1673947785 616453 16 714691 0 0 421261
0 3317486 1673947785 632430 16 715266 0 0 449420
0 3286880 1673947785 648362 16 715841 0 0 449640
0 3322329 1673947785 680443 16 716416 0 0 449630
0 3443000 1673947785 696444 16 716991 0 0 421507
0 3667040 1673947785 712433 16 717566 0 0 449577
0 3982780 1673947785 744439 16 718141 0 0 449613
0 4297856 1673947785 760443 16 718716 0 0 421419
0 4547943 1673947785 776423 16 719291 0 0 421419
0 4848101 1673947785 792444 16 719866 0 0 449572
0 5214352 1673947785 824414 16 720440 0 0 449383
0 5525951 1673947785 840382 16 721016 0 0 421302
0 5747344 1673947785 856412 16 721590 0 0 421077
0 5808969 1673947785 872404 16 722165 0 0 449119
0 5807950 1673947785 904413 16 722740 0 0 449150
0 5781708 1673947785 920351 16 723315 0 0 421027
0 5580448 1673947785 936376 16 723890 0 0 449327
0 5350216 1673947785 952379 16 724465 0 0 449254
0 5066326 1673947785 984382 16 725040 0 0 449173
0 4877968 1673947786 384 16 725615 0 0 421265
0 4506105 1673947786 16383 16 726190 0 0 449259
0 4111484 1673947786 32385 16 726765 0 0 449248
0 3737091 1673947786 64356 16 727340 0 0 449346
0 3542725 1673947786 80358 16 727915 0 0 421267
0 3380955 1673947786 96365 16 728490 0 0 449344
0 3300056 1673947786 112361 16 729065 0 0 449101
0 3296275 1673947786 144335 16 729640 0 0 449203
0 3361755 1673947786 160341 16 730215 0 0 421160
0 3654801 1673947786 176327 16 730790 0 0 449218
0 3864947 1673947786 192342 16 731365 0 0 449274
0 4196251 1673947786 224338 16 731940 0 0 449218
0 4464774 1673947786 240269 16 732515 0 0 421152
0 4741273 1673947786 256337 16 733090 0 0 449446
0 5001108 1673947786 288286 16 733665 0 0 449216
0 5296421 1673947786 304283 16 734240 0 0 421209
0 5562135 1673947786 320192 16 734815 0 0 421205
0 5723545 1673947786 336360 16 735390 0 0 449580
0 5826498 1673947786 368304 16 735965 0 0 449017
0 5813482 1673947786 384312 16 736540 0 0 420941
0 5739914 1673947786 400292 16 737115 0 0 420966
0 5521299 1673947786 416290 16 737690 0 0 449109
0 5439908 1673947786 448301 16 738265 0 0 448873
0 5155021 1673947786 464284 16 738840 0 0 421024
0 4860072 1673947786 480280 16 739415 0 0 449116
0 4523983 1673947786 496286 16 739990 0 0 449119
0 4154614 1673947786 528255 16 740565 0 0 448777
0 3892585 1673947786 544265 16 741140 0 0 421311
0 3685999 1673947786 560273 16 741714 0 0 449206
0 3468726 1673947786 576260 16 742289 0 0 449206
0 3352071 1673947786 608260 16 742864 0 0 449181
0 3321222 1673947786 624233 16 743439 0 0 421098
0 3371527 1673947786 640236 16 744014 0 0 449279
0 3467877 1673947786 656240 16 744589 0 0 449208
0 3649613 1673947786 688246 16 745164 0 0 449180
0 3927162 1673947786 704237 16 745739 0 0 421120
0 4324242 1673947786 720103 16 746314 0 0 449200
0 4664589 1673947786 736122 16 746889 0 0 449807
0 4959505 1673947786 768189 16 747464 0 0 449769
0 5236696 1673947786 784215 16 748039 0 0 421588
0 5489385 1673947786 800214 16 748614 0 0 449573
0 5701906 1673947786 816206 16 749189 0 0 449482
0 5797026 1673947786 848185 16 749764 0 0 449521
0 5828640 1673947786 864163 16 750339 0 0 421477
0 5726463 1673947786 880167 16 750914 0 0 449636
0 5576548 1673947786 912143 16 751489 0 0 449590
0 5360809 1673947786 928163 16 752064 0 0 421061
0 5146665 1673947786 944186 16 752639 0 0 421057
0 4842482 1673947786 960168 16 753214 0 0 449111
0 4579296 1673947786 992204 16 753789 0 0 449266
0 4050293 1673947787 8169 16 754364 0 0 421154
0 3922880 1673947787 24177 16 754939 0 0 421249
0 3603905 1673947787 40184 16 755514 0 0 449279
0 3467361 1673947787 72167 16 756089 0 0 449177
0 3336337 1673947787 88188 16 756664 0 0 421130
0 3294106 1673947787 104183 16 757239 0 0 449112
0 3345798 1673947787 120074 16 757814 0 0 449199
0 3520367 1673947787 152167 16 758389 0 0 449665
0 3689280 1673947787 168165 16 758964 0 0 421444
0 3962961 1673947787 184195 16 759539 0 0 449559
0 4183623 1673947787 200187 16 760114 0 0 449331
0 4503940 1673947787 232169 16 760689 0 0 449387
0 4903510 1673947787 248188 16 761264 0 0 421351
0 5195722 1673947787 264170 16 761839 0 0 449346
0 5469961 1673947787 280141 16 762414 0 0 449483
0 5645528 1673947787 312144 16 762989 0 0 449567
0 5808726 1673947787 328158 16 763564 0 0 421103
0 5836015 1673947787 344049 16 764138 0 0 449114
0 5743165 1673947787 360067 16 764713 0 0 449492
0 5593591 1673947787 392083 16 765288 0 0 449534
0 5446999 1673947787 408044 16 765863 0 0 421416
0 5215527 1673947787 424068 16 766438 0 0 449613
0 4935047 1673947787 440087 16 767013 0 0 449596
0 4616942 1673947787 471983 16 767588 0 0 449466
0 4156910 1673947787 488068 16 768163 0 0 421379
0 3788223 1673947787 504053 16 768738 0 0 449161
0 3619573 1673947787 536100 16 769313 0 0 449361
0 3424112 1673947787 551942 16 769888 0 0 420858
0 3307950 1673947787 568026 16 770463 0 0 421481
0 3289787 1673947787 584023 16 771038 0 0 449278
0 3389327 1673947787 616024 16 771613 0 0 449152
0 3567287 1673947787 632007 16 772188 0 0 421159
0 3774361 1673947787 648020 16 772763 0 0 421285
0 4034037 1673947787 664011 16 773338 0 0 449224
0 4485450 1673947787 696014 16 773913 0 0 449552
0 4754107 1673947787 711994 16 774488 0 0 421421
0 5072159 1673947787 727990 16 775063 0 0 449609
0 5441780 1673947787 743994 16 775638 0 0 449063
0 5610540 1673947787 775962 16 776213 0 0 449342
0 5767921 1673947787 791973 16 776788 0 0 421283
0 5844487 1673947787 807968 16 777363 0 0 449322
0 5824636 1673947787 823962 16 777938 0 0 449279
0 5689272 1673947787 855971 16 778513 0 0 449346
0 5408210 1673947787 871864 16 779088 0 0 421230
0 5191244 1673947787 887943 16 779663 0 0 449687
0 4949679 1673947787 903947 16 780238 0 0 449341
0 4603919 1673947787 935868 16 780813 0 0 449313
0 4350180 1673947787 951866 16 781388 0 0 421320
0 4002198 1673947787 967944 16 781963 0 0 449376
0 3635975 1673947787 983912 16 782538 0 0 449142
0 3434412 1673947788 15918 16 783113 0 0 449237
0 3379460 1673947788 31908 16 783688 0 0 421134
0 3301473 1673947788 47917 16 784263 0 0 449253
0 3302354 1673947788 63910 16 784838 0 0 448844
0 3345828 1673947788 95886 16 785413 0 0 449144
0 3544086 1673947788 111871 16 785987 0 0 421054
0 3849611 1673947788 127866 16 786562 0 0 449114
0 3982802 1673947788 159872 16 787137 0 0 449124
0 4188008 1673947788 175856 16 787712 0 0 421315
0 4684232 1673947788 191869 16 788287 0 0 421259
0 4927488 1673947788 207841 16 788862 0 0 449295
0 5268938 1673947788 239835 16 789437 0 0 449358
0 5559959 1673947788 255840 16 790012 0 0 421319
0 5651473 1673947788 271832 16 790587 0 0 421277
0 5754238 1673947788 287829 16 791162 0 0 449409
0 5831695 1673947788 319848 16 791737 0 0 449366
0 5833224 1673947788 335780 16 792312 0 0 421256
0 5783367 1673947788 351752 16 792887 0 0 449577
0 5548662 1673947788 367817 16 793462 0 0 449619
0 5350361 1673947788 399787 16 794037 0 0 449438
0 5091231 1673947788 415794 16 794612 0 0 421290
0 4837018 1673947788 431722 16 795187 0 0 449336
0 4614718 1673947788 447792 16 795762 0 0 449607
0 4392047 1673947788 479771 16 796337 0 0 449335
0 3930846 1673947788 495760 16 796912 0 0 421266
0 3627656 1673947788 511747 16 797487 0 0 449398
0 3467821 1673947788 527741 16 798062 0 0 449204
0 3348177 1673947788 559753 16 798637 0 0 449126
0 3291330 1673947788 575736 16 799212 0 0 421267
0 3299469 1673947788 591749 16 799787 0 0 449376
0 3360477 1673947788 607746 16 800362 0 0 449355
0 3531394 1673947788 639741 16 800937 0 0 449112
0 3689817 1673947788 655726 16 801512 0 0 421285
0 3974362 1673947788 671710 16 802087 0 0 449395
0 4356149 1673947788 703676 16 802662 0 0 449413
0 4665160 1673947788 719644 16 803237 0 0 421321
0 4906358 1673947788 735643 16 803812 0 0 421412
0 5329568 1673947788 751699 16 804387 0 0 449503
0 5518980 1673947788 783698 16 804962 0 0 449247
0 5726600 1673947788 799686 16 805537 0 0 421217
0 5799061 1673947788 815667 16 806112 0 0 421249
0 5828371 1673947788 831605 16 806687 0 0 449387
0 5783683 1673947788 863647 16 807262 0 0 449553
0 5660822 1673947788 879640 16 807837 0 0 421384
0 5506576 1673947788 895634 16 808412 0 0 449455
0 5290056 1673947788 911640 16 808986 0 0 449266
0 4970986 1673947788 943641 16 809561 0 0 449241
0 4705705 1673947788 959610 16 810136 0 0 421360
0 4332930 1673947788 975613 16 810711 0 0 449544
0 4115333 1673947788 991617 16 811286 0 0 449492
0 3849733 1673947789 23539 16 811861 0 0 449411
0 3594639 1673947789 39612 16 812436 0 0 421185
0 3417117 1673947789 55610 16 813011 0 0 449043
0 3306773 1673947789 71467 16 813586 0 0 449025
0 3282313 1673947789 103573 16 814161 0 0 449608
0 3341097 1673947789 119590 16 814736 0 0 421460
0 3403889 1673947789 135518 16 815311 0 0 449478
0 3598168 1673947789 151567 16 815886 0 0 449623
0 3865190 1673947789 183583 16 816461 0 0 449462
0 4189452 1673947789 199551 16 817036 0 0 421386
0 4511384 1673947789 215617 16 817611 0 0 449506
0 4824839 1673947789 231482 16 818186 0 0 449530
0 5004831 1673947789 263569 16 818761 0 0 450001
0 5199194 1673947789 279562 16 819336 0 0 421342
0 5536157 1673947789 295530 16 819911 0 0 449536
0 5712584 1673947789 327532 16 820486 0 0 449708
0 5791452 1673947789 343542 16 821061 0 0 421376
0 5805218 1673947789 359544 16 821636 0 0 421512
0 5823721 1673947789 375538 16 822211 0 0 449596
0 5824205 1673947789 407514 16 822786 0 0 449504
0 5667647 1673947789 423510 16 823361 0 0 421680
0 4813864 1673947789 439430 16 823936 0 0 421216
0 3766009 1673947789 455512 16 824511 0 0 449650
0 3313024 1673947789 487443 16 825086 0 0 449339
0 3364504 1673947789 503436 16 825661 0 0 421211
0 3819180 1673947789 519421 16 826236 0 0 449314
0 4199765 1673947789 535426 16 826811 0 0 449402
0 3708471 1673947789 567499 16 827386 0 0 449391
0 5073372 1673947789 583419 16 827961 0 0 421230
0 4902669 1673947789 599514 16 828536 0 0 449567
0 3804061 1673947789 615518 16 829111 0 0 449222
0 3681266 1673947789 647499 16 829686 0 0 448926
0 3538560 1673947789 663499 16 830261 0 0 421152
0 3410588 1673947789 679496 16 830836 0 0 449168
0 3374830 1673947789 695486 16 831410 0 0 449056
0 3318909 1673947789 727497 16 831985 0 0 449039
0 3293869 1673947789 743492 16 832561 0 0 421019
0 3333299 1673947789 759478 16 833135 0 0 449079
0 3481878 1673947789 775460 16 833710 0 0 448846
0 3715021 1673947789 807465 16 834285 0 0 449241
0 3812595 1673947789 823479 16 834860 0 0 421174
0 4034183 1673947789 839487 16 835435 0 0 449185
0 4317967 1673947789 855473 16 836010 0 0 449157
0 4595079 1673947789 887423 16 836585 0 0 449293
0 5031613 1673947789 903354 16 837160 0 0 421226
0 5299206 1673947789 919351 16 837735 0 0 449506
0 5514691 1673947789 951454 16 838310 0 0 449596
0 5607554 1673947789 967455 16 838885 0 0 421381
0 5777356 1673947789 983405 16 839460 0 0 421314
0 5811760 1673947789 999405 16 840035 0 0 449571
0 5774716 1673947790 31430 16 840610 0 0 449620
0 5650179 1673947790 47430 16 841185 0 0 421550
0 5457096 1673947790 63428 16 841760 0 0 421501
0 5268583 1673947790 79431 16 842335 0 0 449540
0 4992590 1673947790 111420 16 842910 0 0 449286
0 4700103 1673947790 127434 16 843485 0 0 421209
0 4423756 1673947790 143416 16 844060 0 0 449326
0 4101149 1673947790 159429 16 844635 0 0 449393
0 3787700 1673947790 191392 16 845210 0 0 449172
0 3571045 1673947790 207391 16 845785 0 0 421128
0 3367163 1673947790 223411 16 846360 0 0 449229
0 3294475 1673947790 239454 16 846935 0 0 449159
0 3293689 1673947790 271364 16 847510 0 0 449002
0 3393521 1673947790 287405 16 848085 0 0 421015
0 3612394 1673947790 303369 16 848660 0 0 448938
0 3819520 1673947790 319379 16 849235 0 0 449114
0 4085661 1673947790 351373 16 849810 0 0 449016
0 4403186 1673947790 367376 16 850385 0 0 420990
0 4724741 1673947790 383371 16 850960 0 0 449024
0 5097925 1673947790 399365 16 851535 0 0 449038
0 5417236 1673947790 431343 16 852110 0 0 449129
0 5590435 1673947790 447354 16 852684 0 0 421174
0 5674046 1673947790 463354 16 853260 0 0 449230
0 5783168 1673947790 479352 16 853834 0 0 449275
0 5803763 1673947790 511325 16 854409 0 0 449156
0 5746655 1673947790 527337 16 854984 0 0 421138
0 5541289 1673947790 543324 16 855559 0 0 449167
0 5415393 1673947790 575298 16 856134 0 0 449223
0 5205114 1673947790 591302 16 856709 0 0 421153
0 4835067 1673947790 607287 16 857284 0 0 421117
0 4517054 1673947790 623301 16 857859 0 0 449276
0 4189584 1673947790 655279 16 858434 0 0 449168
0 3883988 1673947790 671256 16 859009 0 0 421209
0 3657243 1673947790 687336 16 859584 0 0 421282
0 3499730 1673947790 703312 16 860159 0 0 449056
0 3322962 1673947790 735179 16 860734 0 0 449182
0 3278200 1673947790 751267 16 861309 0 0 421177
0 3339685 1673947790 767293 16 861884 0 0 448923
0 3520940 1673947790 783255 16 862459 0 0 448846
0 3712184 1673947790 815132 16 863034 0 0 448927
0 3943722 1673947790 831226 16 863609 0 0 421009
0 4152150 1673947790 847288 16 864184 0 0 448738
0 4618705 1673947790 863197 16 864759 0 0 448440
0 4898063 1673947790 895229 16 865334 0 0 449041
0 5196339 1673947790 911222 16 865909 0 0 420852
0 5452703 1673947790 927232 16 866484 0 0 448836
0 5660908 1673947790 943219 16 867059 0 0 449108
0 5753254 1673947790 975192 16 867634 0 0 449244
0 5806875 1673947790 991196 16 868209 0 0 421058
0 5759588 1673947791 7165 16 868784 0 0 449012
0 5528374 1673947791 23183 16 869359 0 0 449449
0 5302157 1673947791 55196 16 869934 0 0 449603
0 5074329 1673947791 71194 16 870509 0 0 421194
0 4737561 1673947791 87178 16 871084 0 0 449305
0 4432745 1673947791 103267 16 871659 0 0 449337
0 4125849 1673947791 135127 16 872234 0 0 449061
0 3794941 1673947791 151167 16 872809 0 0 421063
0 3550263 1673947791 167195 16 873384 0 0 448975
0 3393313 1673947791 199172 16 873959 0 0 448891
0 3303014 1673947791 215108 16 874534 0 0 420726
0 3284652 1673947791 231199 16 875108 0 0 420917
0 3372769 1673947791 247192 16 875683 0 0 448687
0 3538292 1673947791 279180 16 876258 0 0 448704
0 3816044 1673947791 295149 16 876833 0 0 420582
0 4044562 1673947791 311193 16 877408 0 0 421002
0 4251547 1673947791 327084 16 877983 0 0 448801
0 4546676 1673947791 359086 16 878558 0 0 449326
0 5057106 1673947791 375080 16 879133 0 0 421346
0 5311877 1673947791 391063 16 879708 0 0 449423
0 5617027 1673947791 407047 16 880283 0 0 449356
0 5709735 1673947791 439055 16 880858 0 0 449729
0 5797360 1673947791 455058 16 881433 0 0 421622
0 5792363 1673947791 471069 16 882008 0 0 449677
0 5726678 1673947791 487063 16 882583 0 0 449529
0 5547183 1673947791 518978 16 883158 0 0 449704
0 5238045 1673947791 535015 16 883733 0 0 421318
0 4917170 1673947791 551020 16 884308 0 0 449266
0 4600234 1673947791 567015 16 884883 0 0 449227
0 4212396 1673947791 599021 16 885458 0 0 449185
0 4014943 1673947791 615035 16 886033 0 0 421047
0 3757200 1673947791 631026 16 886608 0 0 449082
0 3497297 1673947791 647025 16 887183 0 0 449124
0 3331011 1673947791 679004 16 887758 0 0 449166
0 3279797 1673947791 694999 16 888333 0 0 421087
0 3299160 1673947791 710999 16 888908 0 0 449106
0 3409554 1673947791 742956 16 889483 0 0 449236
0 3511257 1673947791 758988 16 890058 0 0 421215
0 3797715 1673947791 774933 16 890633 0 0 421085
0 4253215 1673947791 790956 16 891208 0 0 449360
0 4506669 1673947791 822957 16 891783 0 0 449329
0 4805511 1673947791 838958 16 892358 0 0 421220
0 5132711 1673947791 854956 16 892933 0 0 421213
0 5384535 1673947791 870989 16 893508 0 0 449278
0 5565760 1673947791 902924 16 894083 0 0 449145
0 5754917 1673947791 918839 16 894658 0 0 421126
0 5806774 1673947791 934932 16 895233 0 0 449464
0 5788261 1673947791 950927 16 895808 0 0 449251
0 5649666 1673947791 982927 16 896383 0 0 449075
0 5500390 1673947791 998919 16 896957 0 0 421031
0 5261917 1673947792 14914 16 897532 0 0 449136
0 4901234 1673947792 30908 16 898107 0 0 449157
0 4706406 1673947792 62904 16 898682 0 0 449171
0 4331337 1673947792 78908 16 899257 0 0 421214
0 4007498 1673947792 94899 16 899832 0 0 449219
0 3780372 1673947792 110901 16 900407 0 0 448951
0 3513357 1673947792 142874 16 900982 0 0 449268
0 3342832 1673947792 158882 16 901557 0 0 421198
0 3289910 1673947792 174882 16 902132 0 0 449295
0 3298745 1673947792 190887 16 902707 0 0 449267
0 3362672 1673947792 222874 16 903282 0 0 449232
0 3529505 1673947792 238885 16 903857 0 0 421146
0 3747139 1673947792 254882 16 904432 0 0 449180
0 4111103 1673947792 270859 16 905007 0 0 449205
0 4497081 1673947792 302759 16 905582 0 0 449254
0 4786713 1673947792 318819 16 906157 0 0 421273
0 5086563 1673947792 334832 16 906732 0 0 449116
0 5422264 1673947792 366823 16 907307 0 0 449098
0 5596615 1673947792 382826 16 907882 0 0 421030
0 5754318 1673947792 398794 16 908457 0 0 421037
0 5819871 1673947792 414798 16 909032 0 0 449214
0 5802465 1673947792 446805 16 909607 0 0 449239
0 5681898 1673947792 462800 16 910182 0 0 421146
0 5504330 1673947792 478813 16 910757 0 0 421082
0 5278122 1673947792 494804 16 911332 0 0 449025
0 4952040 1673947792 526782 16 911907 0 0 449266
0 4666012 1673947792 542775 16 912482 0 0 421255
0 4314889 1673947792 558779 16 913057 0 0 449348
0 3989918 1673947792 574775 16 913632 0 0 449345
0 3711581 1673947792 606774 16 914207 0 0 449246
0 3522422 1673947792 622740 16 914782 0 0 421185
0 3348385 1673947792 638761 16 915357 0 0 449387
0 3276170 1673947792 654758 16 915932 0 0 449296
0 3305844 1673947792 686754 16 916507 0 0 449352
0 3435185 1673947792 702691 16 917082 0 0 421247
0 3580949 1673947792 718735 16 917657 0 0 449526
0 3912864 1673947792 734730 16 918232 0 0 449348
0 4120342 1673947792 766727 16 918806 0 0 449282
0 4507347 1673947792 782732 16 919381 0 0 421194
0 4867233 1673947792 798727 16 919956 0 0 449252
0 5142092 1673947792 814730 16 920531 0 0 449150
0 5399148 1673947792 846705 16 921106 0 0 449213
0 5623861 1673947792 862714 16 921681 0 0 421148
0 5782581 1673947792 878703 16 922256 0 0 449189
0 5822880 1673947792 894710 16 922831 0 0 449006
0 5778911 1673947792 926708 16 923406 0 0 449135
0 5690666 1673947792 942688 16 923981 0 0 421141
0 5552753 1673947792 958681 16 924556 0 0 449285
0 5258620 1673947792 990682 16 925131 0 0 449327
0 5046985 1673947793 6671 16 925706 0 0 421232
0 4708815 1673947793 22681 16 926281 0 0 421281
0 4361427 1673947793 38686 16 926856 0 0 449301
0 4108621 1673947793 70668 16 927431 0 0 449315
0 3892909 1673947793 86679 16 928006 0 0 421216
0 3491223 1673947793 102582 16 928581 0 0 421202
0 3377959 1673947793 118648 16 929156 0 0 449618
0 3289549 1673947793 150658 16 929731 0 0 449318
0 3287224 1673947793 166622 16 930306 0 0 421208
0 3360015 1673947793 182633 16 930881 0 0 449412
0 3513674 1673947793 198622 16 931456 0 0 449334
0 3839780 1673947793 230629 16 932031 0 0 449408
0 4073343 1673947793 246635 16 932606 0 0 421343
0 4303453 1673947793 262637 16 933181 0 0 449383
0 4846032 1673947793 278547 16 933756 0 0 449414
0 5141216 1673947793 310550 16 934331 0 0 449389
0 5354410 1673947793 326591 16 934906 0 0 421541
0 5587529 1673947793 342568 16 935481 0 0 449483
0 5769461 1673947793 358580 16 936056 0 0 449437
0 5822148 1673947793 390597 16 936631 0 0 449433
0 5806561 1673947793 406585 16 937206 0 0 421304
0 5716319 1673947793 422562 16 937781 0 0 449428
0 5573238 1673947793 438560 16 938356 0 0 449530
0 5386136 1673947793 470542 16 938931 0 0 449544
0 4964605 1673947793 486570 16 939506 0 0 421166
0 4696514 1673947793 502458 16 940081 0 0 449147
0 4340213 1673947793 534509 16 940656 0 0 449686
0 4079611 1673947793 550544 16 941231 0 0 421484
0 3779873 1673947793 566537 16 941805 0 0 421307
0 3530194 1673947793 582542 16 942380 0 0 449422
0 3364075 1673947793 614543 16 942955 0 0 449363
0 3290444 1673947793 630544 16 943530 0 0 421205
0 3282466 1673947793 646520 16 944105 0 0 421194
0 3408105 1673947793 662522 16 944680 0 0 449339
0 3555639 1673947793 694526 16 945255 0 0 449430
0 3780275 1673947793 710478 16 945830 0 0 420954
0 4037942 1673947793 726512 16 946405 0 0 449244
0 4386175 1673947793 742515 16 946980 0 0 449345
0 4665443 1673947793 774479 16 947555 0 0 449310
0 5021772 1673947793 790478 16 948130 0 0 421283
0 5285534 1673947793 806497 16 948705 0 0 449364
0 5521453 1673947793 822463 16 949280 0 0 449300
0 5734468 1673947793 854463 16 949855 0 0 449336
0 5815261 1673947793 870437 16 950430 0 0 421267
0 5806056 1673947793 886437 16 951005 0 0 449438
0 5674238 1673947793 902368 16 951580 0 0 449269
0 5485658 1673947793 934437 16 952155 0 0 449631
0 5233026 1673947793 950448 16 952730 0 0 421505
0 4937154 1673947793 966439 16 953305 0 0 449511
0 4534999 1673947793 982405 16 953880 0 0 449539
0 4336551 1673947794 14361 16 954455 0 0 449725
0 3949057 1673947794 30415 16 955030 0 0 421568
0 3655426 1673947794 46330 16 955605 0 0 449455
0 3483996 1673947794 62408 16 956180 0 0 449664
0 3353893 1673947794 94422 16 956755 0 0 449391
0 3271265 1673947794 110368 16 957330 0 0 421060
0 3306752 1673947794 126414 16 957905 0 0 449387
0 3449268 1673947794 158365 16 958480 0 0 449264
0 3666780 1673947794 174357 16 959055 0 0 421199
0 3875401 1673947794 190388 16 959630 0 0 421108
0 4174522 1673947794 206387 16 960205 0 0 449037
0 4512903 1673947794 238335 16 960780 0 0 449229
0 4815780 1673947794 254353 16 961355 0 0 420899
0 5123840 1673947794 270342 16 961930 0 0 421108
0 5470103 1673947794 286375 16 962505 0 0 449235
0 5666858 1673947794 318355 16 963080 0 0 448930
0 5780634 1673947794 334360 16 963655 0 0 421032
0 5803800 1673947794 350360 16 964230 0 0 449047
0 5744809 1673947794 366337 16 964804 0 0 448922
0 5600363 1673947794 398300 16 965379 0 0 449111
0 5402941 1673947794 414341 16 965954 0 0 421064
0 5132156 1673947794 430347 16 966529 0 0 448951
0 4813840 1673947794 446354 16 967104 0 0 448993
0 4356603 1673947794 478309 16 967679 0 0 448930
0 4053084 1673947794 494327 16 968254 0 0 421009
0 3815953 1673947794 510320 16 968829 0 0 449004
0 3548330 1673947794 526318 16 969404 0 0 449046
0 3378797 1673947794 558356 16 969979 0 0 449151
0 3281281 1673947794 574314 16 970554 0 0 420961
0 3302492 1673947794 590323 16 971129 0 0 449152
0 3391182 1673947794 606301 16 971704 0 0 449264
0 3533225 1673947794 638298 16 972279 0 0 449362
0 3730585 1673947794 654336 16 972854 0 0 421313
0 4121064 1673947794 670156 16 973429 0 0 449217
0 4425889 1673947794 686296 16 974004 0 0 449919
0 4833740 1673947794 718260 16 974579 0 0 449407
0 5196651 1673947794 734264 16 975154 0 0 421356
0 5434289 1673947794 750272 16 975729 0 0 449451
0 5637893 1673947794 782331 16 976304 0 0 449275
0 5763782 1673947794 798240 16 976879 0 0 421179
0 5805690 1673947794 814226 16 977454 0 0 421423
0 5752697 1673947794 830242 16 978029 0 0 449546
0 5602977 1673947794 862242 16 978604 0 0 449623
0 5436450 1673947794 878228 16 979179 0 0 420908
0 5165881 1673947794 894238 16 979754 0 0 421444
0 4785667 1673947794 910232 16 980329 0 0 449453
0 4483511 1673947794 942199 16 980904 0 0 449488
0 4106271 1673947794 958205 16 981479 0 0 421469
0 3764739 1673947794 974198 16 982054 0 0 449576
0 3559215 1673947794 990208 16 982629 0 0 449280
0 3386385 1673947795 22199 16 983204 0 0 449195
0 3282107 1673947795 38208 16 983779 0 0 421183
0 3282329 1673947795 54185 16 984354 0 0 449228
0 3344344 1673947795 70101 16 984929 0 0 449259
0 3540690 1673947795 102119 16 985503 0 0 449493
0 3674907 1673947795 118181 16 986079 0 0 421428
0 3979398 1673947795 134195 16 986653 0 0 449162
0 4359962 1673947795 150211 16 987228 0 0 449134
0 4697565 1673947795 182213 16 987803 0 0 449053
0 4947062 1673947795 198193 16 988378 0 0 421010
0 5199407 1673947795 214176 16 988953 0 0 449149
0 5460746 1673947795 230191 16 989528 0 0 449240
0 5633688 1673947795 262209 16 990103 0 0 449106
0 5763586 1673947795 278180 16 990678 0 0 420816
0 5797708 1673947795 294207 16 991253 0 0 448961
0 5754000 1673947795 310184 16 991828 0 0 449181
0 5601001 1673947795 342089 16 992403 0 0 449311
0 5331982 1673947795 358093 16 992978 0 0 421374
0 5073080 1673947795 374089 16 993553 0 0 449438
0 4872396 1673947795 406070 16 994128 0 0 449382
0 4597645 1673947795 422058 16 994703 0 0 421263
0 4307017 1673947795 438076 16 995278 0 0 421357
0 3949986 1673947795 454072 16 995853 0 0 449386
0 3692983 1673947795 486066 16 996428 0 0 449298
0 3508068 1673947795 502039 16 997003 0 0 421322
0 3435571 1673947795 518029 0 997577 0 0 421238
0 3348076 1673947795 534039 0 998110 0 0 445162
0 3321301 1673947795 566044 0 998576 0 0 434503
0 3308197 1673947795 582009 0 998976 0 0 397865
0 3296459 1673947795 598048 0 999310 0 0 402461
0 3377258 1673947795 614115 0 999579 0 0 372472
0 3509795 1673947795 646035 0 999781 0 0 336027
0 3765989 1673947795 662025 0 999918 0 0 286567
0 4193097 1673947795 678034 0 999988 0 0 265325
0 4531917 1673947795 694028 32 1000000 0 0 210347
