0 4200554 1673949380 820059 0 829274 0 0 -891435
0 3975588 1673949380 836039 0 828075 0 0 -843233
0 3591062 1673949380 852038 0 826865 0 0 -907610
0 3364302 1673949380 868044 0 825643 0 0 -918092
0 3342775 1673949380 900049 0 824409 0 0 -928212
0 3538285 1673949380 916053 0 823163 0 0 -877916
0 3797592 1673949380 932037 0 821906 0 0 -944400
0 4201187 1673949380 948049 0 820637 0 0 -954733
0 4591496 1673949380 980025 0 819356 0 0 -965277
0 4793857 1673949380 996014 0 818063 0 0 -912451
0 4824365 1673949381 12020 0 816758 0 0 -981437
0 4626237 1673949381 28013 0 815442 0 0 -991592
0 4352822 1673949381 60020 0 814114 0 0 -1001993
0 3884123 1673949381 75936 0 812774 0 0 -946946
0 3531733 1673949381 91989 0 811422 0 0 -1018843
0 3362760 1673949381 108051 0 810058 0 0 -1028883
0 3386440 1673949381 140024 0 808683 0 0 -1038593
0 3583123 1673949381 156013 0 807296 0 0 -981371
0 3961578 1673949381 172006 0 805897 0 0 -1054904
0 4386923 1673949381 188012 0 804486 0 0 -1065228
0 4675478 1673949381 220018 0 803063 0 0 -1075673
0 4833647 1673949381 235996 0 801629 0 0 -1015935
0 4715019 1673949381 251984 0 800183 0 0 -1091925
0 4367877 1673949381 283982 0 798725 0 0 -1101687
0 3913479 1673949381 299996 0 797255 0 0 -1040705
0 3548739 1673949381 315975 0 795774 0 0 -1051449
0 3338721 1673949381 331980 0 794280 0 0 -1129757
0 3402032 1673949381 363964 0 792776 0 0 -1139871
0 3756128 1673949381 379950 0 791259 0 0 -1076127
0 4256234 1673949381 395956 0 789730 0 0 -1086662
0 4628777 1673949381 411975 0 788190 0 0 -1166989
0 4803579 1673949381 443965 0 786637 0 0 -1177064
0 4715846 1673949381 459942 0 785073 0 0 -1110966
0 4332984 1673949381 475839 0 783497 0 0 -1193312
0 3859873 1673949381 491968 0 781910 0 0 -1204794
0 3494200 1673949381 523941 0 780310 0 0 -1213704
0 3358312 1673949381 539947 0 778699 0 0 -1145603
0 3508889 1673949381 555920 0 777076 0 0 -1229931
0 3924825 1673949381 571925 0 775441 0 0 -1240421
0 4345448 1673949381 603923 16 773795 0 0 -1250779
0 4706696 1673949381 619928 16 772143 0 0 -1179968
0 4808884 1673949381 635919 16 770492 0 0 -1264757
0 4568810 1673949381 651910 16 768840 0 0 -1272048
0 4088362 1673949381 683917 16 767190 0 0 -1277287
0 3625596 1673949381 700064 16 765538 0 0 -1202933
0 3364365 1673949381 715897 16 763887 0 0 -1283967
0 3460775 1673949381 731882 16 762236 0 0 -1288462
0 3926140 1673949381 763887 16 760585 0 0 -1289905
0 4319824 1673949381 779916 16 758933 0 0 -1209865
0 4720624 1673949381 795866 16 757282 0 0 -1290135
0 4787478 1673949381 811894 16 755631 0 0 -1290690
0 4439796 1673949381 843865 16 753980 0 0 -1290220
0 4053139 1673949381 859853 16 752329 0 0 -1209685
0 3613043 1673949381 875875 16 750678 0 0 -1290390
0 3345124 1673949381 907880 16 749027 0 0 -1291637
0 3459226 1673949381 923861 16 747375 0 0 -1209357
0 3844721 1673949381 939876 16 745724 0 0 -1209397
0 4254711 1673949381 955862 16 744073 0 0 -1289825
0 4681626 1673949381 987842 16 742422 0 0 -1290258
0 4811648 1673949382 3847 16 740771 0 0 -1209188
0 4525162 1673949382 19859 16 739119 0 0 -1209517
0 4127027 1673949382 35858 16 737468 0 0 -1289938
0 3656702 1673949382 67773 16 735817 0 0 -1289827
0 3353897 1673949382 83836 16 734166 0 0 -1209648
0 3463277 1673949382 99801 16 732514 0 0 -1289692
0 3823137 1673949382 115806 16 730863 0 0 -1289854
0 4285887 1673949382 147879 16 729212 0 0 -1289955
0 4709066 1673949382 163774 16 727561 0 0 -1209015
0 4770921 1673949382 179725 16 725910 0 0 -1290645
0 4482382 1673949382 195790 16 724259 0 0 -1291093
0 4060392 1673949382 227793 16 722607 0 0 -1290658
0 3572278 1673949382 243778 16 720956 0 0 -1210025
0 3352144 1673949382 259796 16 719305 0 0 -1290577
0 3555324 1673949382 275799 16 717653 0 0 -1291029
0 3970859 1673949382 307773 16 716002 0 0 -1290645
0 4472861 1673949382 323699 16 714351 0 0 -1210146
0 4796863 1673949382 339772 16 712700 0 0 -1291694
0 4657564 1673949382 355760 16 711049 0 0 -1289896
0 4249432 1673949382 387765 16 709398 0 0 -1289522
0 3838475 1673949382 403776 16 707746 0 0 -1209498
0 3418414 1673949382 419760 16 706095 0 0 -1290010
0 3378704 1673949382 435752 16 704444 0 0 -1290020
0 3772161 1673949382 467767 16 702792 0 0 -1290282
0 4235540 1673949382 483753 16 701141 0 0 -1209659
0 4664383 1673949382 499739 16 699490 0 0 -1290350
0 4800225 1673949382 531720 16 697839 0 0 -1289742
0 4527663 1673949382 547765 16 696188 0 0 -1209907
0 4131083 1673949382 563714 16 694536 0 0 -1209431
0 3645752 1673949382 579684 16 692885 0 0 -1290526
0 3377184 1673949382 611720 16 691234 0 0 -1290940
0 3496745 1673949382 627726 16 689583 0 0 -1210072
0 3912960 1673949382 643716 16 687932 0 0 -1209834
0 4380071 1673949382 659695 16 686281 0 0 -1290587
0 4739249 1673949382 691677 16 684630 0 0 -1290658
0 4742588 1673949382 707685 16 682978 0 0 -1209996
0 4333058 1673949382 723704 16 681327 0 0 -1290483
0 3908653 1673949382 739699 16 679676 0 0 -1290646
0 3462429 1673949382 771677 16 678025 0 0 -1290181
0 3376746 1673949382 787675 16 676373 0 0 -1209367
0 3654823 1673949382 803670 16 674722 0 0 -1290093
0 4091288 1673949382 819675 16 673071 0 0 -1290204
0 4506037 1673949382 851678 16 671420 0 0 -1290053
0 4770964 1673949382 867663 16 669769 0 0 -1209218
0 4665117 1673949382 883655 16 668117 0 0 -1289988
0 4240037 1673949382 899639 16 666466 0 0 -1290150
0 3703257 1673949382 931621 16 664815 0 0 -1290502
0 3442897 1673949382 947629 16 663164 0 0 -1209882
0 3423368 1673949382 963611 16 661513 0 0 -1290312
0 3720132 1673949382 979562 16 659861 0 0 -1290571
0 4202883 1673949383 11632 16 658210 0 0 -1291016
0 4602396 1673949383 27586 16 656559 0 0 -1210276
0 4795054 1673949383 43602 16 654908 0 0 -1291363
0 4652188 1673949383 75517 16 653257 0 0 -1290953
0 4190166 1673949383 91606 16 651605 0 0 -1210521
0 3716116 1673949383 107602 16 649954 0 0 -1209468
0 3428811 1673949383 123610 16 648303 0 0 -1290078
0 3432408 1673949383 155573 16 646652 0 0 -1290078
0 3801270 1673949383 171585 16 645000 0 0 -1209325
0 4331344 1673949383 187579 16 643349 0 0 -1208709
0 4649383 1673949383 203579 16 641698 0 0 -1289561
0 4776233 1673949383 235577 16 640047 0 0 -1289096
0 4536653 1673949383 251559 16 638395 0 0 -1208696
0 4023578 1673949383 267541 16 636744 0 0 -1289229
0 3614871 1673949383 283563 16 635093 0 0 -1290302
0 3396786 1673949383 315479 16 633442 0 0 -1290041
0 3524767 1673949383 331499 16 631791 0 0 -1209718
0 4067979 1673949383 347576 16 630139 0 0 -1290087
0 4514006 1673949383 363437 16 628488 0 0 -1289436
0 4734122 1673949383 395454 16 626837 0 0 -1290789
0 4700970 1673949383 411538 16 625186 0 0 -1210131
0 4262353 1673949383 427543 16 623535 0 0 -1289850
0 3729204 1673949383 443375 16 621883 0 0 -1289716
0 3440338 1673949383 475400 16 620232 0 0 -1291245
0 3413645 1673949383 491401 16 618581 0 0 -1210788
0 3715099 1673949383 507374 16 616930 0 0 -1291181
0 4290756 1673949383 523375 16 615279 0 0 -1291557
0 4696164 1673949383 555392 16 613628 0 0 -1292319
0 4766382 1673949383 571399 16 611976 0 0 -1210297
0 4490624 1673949383 587400 16 610325 0 0 -1290885
0 4033014 1673949383 603397 16 608674 0 0 -1291717
0 3494400 1673949383 635390 16 607023 0 0 -1291700
0 3376463 1673949383 651376 16 605372 0 0 -1209391
0 3529096 1673949383 667359 16 603720 0 0 -1290308
0 3969754 1673949383 699403 16 602069 0 0 -1290490
0 4509804 1673949383 715404 16 600418 0 0 -1209491
0 4768883 1673949383 731416 16 598767 0 0 -1209491
0 4693698 1673949383 747389 16 597116 0 0 -1289980
0 4323944 1673949383 779499 16 595464 0 0 -1290421
0 3739300 1673949383 795532 16 593813 0 0 -1209539
0 3423272 1673949383 811375 16 592162 0 0 -1209177
0 3408684 1673949383 827351 16 590511 0 0 -1291373
0 3693615 1673949383 859346 16 588860 0 0 -1291376
0 4223585 1673949383 875385 16 587208 0 0 -1210651
0 4628721 1673949383 891357 16 585557 0 0 -1290985
0 4794140 1673949383 907370 16 583906 0 0 -1291277
0 4618944 1673949383 939357 16 582254 0 0 -1291365
0 4155406 1673949383 955321 16 580603 0 0 -1210412
0 3615052 1673949383 971328 16 578952 0 0 -1291667
0 3371183 1673949383 987298 16 577301 0 0 -1291928
0 3445842 1673949384 19331 16 575650 0 0 -1290633
0 3840298 1673949384 35331 16 573999 0 0 -1209693
0 4386887 1673949384 51348 16 572347 0 0 -1290344
0 4765724 1673949384 67339 16 570696 0 0 -1290565
0 4746793 1673949384 99372 16 569045 0 0 -1290373
0 4462362 1673949384 115344 16 567393 0 0 -1209757
0 3978681 1673949384 131356 16 565742 0 0 -1290622
0 3525420 1673949384 147365 16 564091 0 0 -1290138
0 3379920 1673949384 179371 16 562440 0 0 -1290118
0 3533565 1673949384 195385 16 560789 0 0 -1209185
0 3977097 1673949384 211383 16 559138 0 0 -1289742
0 4439641 1673949384 227380 16 557486 0 0 -1289762
0 4774264 1673949384 259276 16 555835 0 0 -1289963
0 4734344 1673949384 275336 16 554184 0 0 -1209520
0 4384465 1673949384 291381 16 552533 0 0 -1289567
0 3861662 1673949384 323367 16 550882 0 0 -1288833
0 3454618 1673949384 339385 16 549231 0 0 -1208373
0 3384958 1673949384 355386 16 547579 0 0 -1208380
0 3631752 1673949384 371368 16 545928 0 0 -1289001
0 4126011 1673949384 403369 16 544277 0 0 -1289323
0 4616739 1673949384 419381 16 542626 0 0 -1208588
0 4805330 1673949384 435384 16 540974 0 0 -1208534
0 4610361 1673949384 451387 16 539323 0 0 -1288856
0 4063995 1673949384 483376 16 537672 0 0 -1289429
0 3608440 1673949384 499310 16 536021 0 0 -1209293
0 3367863 1673949384 515375 16 534370 0 0 -1290541
0 3556552 1673949384 531333 16 532718 0 0 -1290070
0 3977202 1673949384 563328 16 531067 0 0 -1290504
0 4435368 1673949384 579333 16 529416 0 0 -1209720
0 4772307 1673949384 595304 16 527765 0 0 -1290287
0 4715667 1673949384 611282 16 526114 0 0 -1290603
0 4428084 1673949384 643282 16 524462 0 0 -1290953
0 3941127 1673949384 659316 16 522811 0 0 -1210368
0 3469790 1673949384 675293 16 521160 0 0 -1290614
0 3397582 1673949384 691289 16 519509 0 0 -1290178
0 3649859 1673949384 723186 16 517858 0 0 -1290773
0 4160167 1673949384 739156 16 516206 0 0 -1210043
0 4612901 1673949384 755137 16 514555 0 0 -1290949
0 4800049 1673949384 771206 16 512904 0 0 -1291191
0 4593255 1673949384 803253 16 511253 0 0 -1290206
0 4161691 1673949384 819224 16 509601 0 0 -1209201
0 3649732 1673949384 835252 16 507951 0 0 -1290011
0 3365519 1673949384 851258 16 506299 0 0 -1290169
0 3490783 1673949384 883229 16 504648 0 0 -1289876
0 3890118 1673949384 899236 16 502996 0 0 -1209343
0 4405775 1673949384 915228 16 501345 0 0 -1289578
0 4745246 1673949384 947227 16 499694 0 0 -1289356
0 4725906 1673949384 963233 16 498043 0 0 -1208552
0 4410404 1673949384 979221 16 496392 0 0 -1209184
0 3938457 1673949384 995216 16 494741 0 0 -1289989
0 3474628 1673949385 27226 16 493089 0 0 -1289942
0 3374296 1673949385 43208 16 491438 0 0 -1209486
0 3671136 1673949385 59208 16 489787 0 0 -1209728
0 4063627 1673949385 75180 16 488136 0 0 -1290221
0 4561816 1673949385 107201 16 486485 0 0 -1290575
0 4794812 1673949385 123178 16 484833 0 0 -1209875
0 4606643 1673949385 139209 16 483182 0 0 -1290719
0 4222388 1673949385 155203 16 481531 0 0 -1290468
0 3748381 1673949385 187187 16 479880 0 0 -1290408
0 3398986 1673949385 203189 16 478228 0 0 -1209733
0 3445875 1673949385 219185 16 476577 0 0 -1290354
0 3839904 1673949385 235188 16 474926 0 0 -1290212
0 4276934 1673949385 267193 16 473275 0 0 -1290182
0 4654353 1673949385 283130 16 471624 0 0 -1209272
0 4780715 1673949385 299143 16 469973 0 0 -1290528
0 4459441 1673949385 315130 16 468321 0 0 -1290263
0 4045376 1673949385 347137 16 466670 0 0 -1290706
0 3586219 1673949385 363070 16 465019 0 0 -1210013
0 3344396 1673949385 379147 16 463368 0 0 -1291217
0 3550562 1673949385 395120 16 461716 0 0 -1290562
0 3970220 1673949385 427121 16 460065 0 0 -1290794
0 4450464 1673949385 443094 16 458414 0 0 -1210206
0 4759249 1673949385 459121 16 456763 0 0 -1291107
0 4763395 1673949385 475145 16 455112 0 0 -1290198
0 4385282 1673949385 507157 16 453461 0 0 -1289990
0 3939488 1673949385 523116 16 451809 0 0 -1209262
0 3521011 1673949385 539096 16 450158 0 0 -1290309
0 3354455 1673949385 571090 16 448507 0 0 -1289833
0 3565926 1673949385 587089 16 446856 0 0 -1209908
0 4035324 1673949385 603097 16 445204 0 0 -1209743
0 4550607 1673949385 619095 16 443553 0 0 -1290280
0 4803680 1673949385 651089 16 441902 0 0 -1290028
0 4660341 1673949385 667075 16 440250 0 0 -1209748
0 4263861 1673949385 683058 16 438599 0 0 -1210131
0 3682151 1673949385 699072 16 436948 0 0 -1290899
0 3444071 1673949385 731073 16 435297 0 0 -1290344
0 3452115 1673949385 747049 16 433646 0 0 -1209524
0 3791412 1673949385 762981 16 431995 0 0 -1290366
0 4335987 1673949385 778947 16 430343 0 0 -1291045
0 4694541 1673949385 811047 16 428692 0 0 -1291469
0 4776007 1673949385 827034 16 427041 0 0 -1210582
0 4471297 1673949385 843042 16 425390 0 0 -1291265
0 4038464 1673949385 859005 16 423739 0 0 -1291043
0 3534135 1673949385 890943 16 422087 0 0 -1291343
0 3389718 1673949385 907050 16 420436 0 0 -1211025
0 3657700 1673949385 922998 16 418785 0 0 -1290572
0 4064616 1673949385 939016 16 417134 0 0 -1290855
0 4539546 1673949385 971010 16 415483 0 0 -1289888
0 4770913 1673949385 986999 16 413831 0 0 -1208993
0 4631098 1673949386 2995 16 412180 0 0 -1289971
0 4188239 1673949386 18991 16 410529 0 0 -1289880
0 3691835 1673949386 50991 16 408878 0 0 -1290001
0 3427376 1673949386 66919 16 407227 0 0 -1208914
0 3427159 1673949386 83000 16 405576 0 0 -1290102
0 3811456 1673949386 114976 16 403924 0 0 -1290458
0 4324960 1673949386 131004 16 402273 0 0 -1209377
0 4709254 1673949386 146950 16 400622 0 0 -1209277
0 4779064 1673949386 162880 16 398971 0 0 -1290374
0 4533392 1673949386 194982 16 397319 0 0 -1291070
0 4038808 1673949386 210993 16 395668 0 0 -1210158
0 3556772 1673949386 226981 16 394017 0 0 -1210007
0 3385554 1673949386 242965 16 392366 0 0 -1290743
0 3540292 1673949386 274959 16 390715 0 0 -1290176
0 3991438 1673949386 290952 16 389063 0 0 -1210339
0 4521470 1673949386 306961 16 387412 0 0 -1290965
0 4748909 1673949386 322960 16 385761 0 0 -1291156
0 4702721 1673949386 354941 16 384110 0 0 -1290620
0 4339103 1673949386 370931 16 382459 0 0 -1209246
0 3818749 1673949386 386941 16 380807 0 0 -1290316
0 3450947 1673949386 402941 16 379156 0 0 -1290326
0 3403346 1673949386 434947 16 377505 0 0 -1290205
0 3706680 1673949386 450943 16 375854 0 0 -1209413
0 4264859 1673949386 466944 16 374202 0 0 -1290102
0 4643951 1673949386 482901 16 372551 0 0 -1290022
0 4793336 1673949386 514909 16 370900 0 0 -1290547
0 4647655 1673949386 530938 16 369249 0 0 -1209901
0 4208277 1673949386 546863 16 367598 0 0 -1290177
0 3652255 1673949386 562817 16 365946 0 0 -1290836
0 3407398 1673949386 594904 16 364295 0 0 -1291402
0 3415353 1673949386 610894 16 362644 0 0 -1210568
0 3760796 1673949386 626895 16 360993 0 0 -1291299
0 4356973 1673949386 642887 16 359341 0 0 -1291248
0 4734655 1673949386 674857 16 357691 0 0 -1291241
0 4751279 1673949386 690846 16 356039 0 0 -1210316
0 4479760 1673949386 706867 16 354388 0 0 -1291063
0 3969500 1673949386 738847 16 352737 0 0 -1291143
0 3465943 1673949386 754849 16 351086 0 0 -1209721
0 3351864 1673949386 770839 16 349434 0 0 -1209333
0 3552057 1673949386 786814 16 347783 0 0 -1290268
0 4092450 1673949386 818795 16 346132 0 0 -1290419
0 4590459 1673949386 834810 16 344481 0 0 -1209765
0 4784035 1673949386 850735 16 342830 0 0 -1209631
0 4680626 1673949386 866794 16 341179 0 0 -1290881
0 4343168 1673949386 898783 16 339527 0 0 -1290275
0 3745191 1673949386 914814 16 337876 0 0 -1209898
0 3404721 1673949386 930693 16 336225 0 0 -1290151
0 3389744 1673949386 946659 16 334573 0 0 -1291401
0 3688728 1673949386 978900 16 332923 0 0 -1291546
0 4208460 1673949386 994754 16 331271 0 0 -1210124
0 4662362 1673949387 10769 16 329620 0 0 -1292176
0 4801754 1673949387 26759 16 327969 0 0 -1292176
0 4575817 1673949387 58692 16 326318 0 0 -1291518
0 4183897 1673949387 74728 16 324666 0 0 -1211615
0 3652429 1673949387 90731 16 323015 0 0 -1291841
0 3371750 1673949387 106748 16 321364 0 0 -1292123
0 3431860 1673949387 138734 16 319713 0 0 -1290624
0 3824465 1673949387 154635 16 318062 0 0 -1209799
0 4283965 1673949387 170724 16 316410 0 0 -1292070
0 4752680 1673949387 186710 16 314759 0 0 -1289694
0 4806233 1673949387 218716 16 313108 0 0 -1289986
0 4527758 1673949387 234719 16 311457 0 0 -1209255
0 4079060 1673949387 250693 16 309805 0 0 -1289719
0 3530916 1673949387 266694 16 308154 0 0 -1290344
0 3322651 1673949387 298693 16 306503 0 0 -1290364
0 3532452 1673949387 314690 16 304852 0 0 -1209922
0 3956490 1673949387 330687 16 303200 0 0 -1290630
0 4537065 1673949387 362689 16 301549 0 0 -1289558
0 4831728 1673949387 378639 16 299898 0 0 -1209830
0 4706960 1673949387 394669 16 298247 0 0 -1210194
0 4284164 1673949387 410673 16 296596 0 0 -1290523
0 3664907 1673949387 442662 16 294944 0 0 -1290513
0 3348044 1673949387 458694 16 293293 0 0 -1209663
0 3453658 1673949387 474658 16 291642 0 0 -1209351
0 3794028 1673949387 490641 16 289991 0 0 -1290327
0 4362296 1673949387 522642 16 288340 0 0 -1290371
0 4771786 1673949387 538635 16 286688 0 0 -1209772
0 4794529 1673949387 554647 16 285037 0 0 -1290463
0 4453760 1673949387 570642 16 283386 0 0 -1289836
0 3926484 1673949387 602625 16 281735 0 0 -1290189
0 3499502 1673949387 618617 16 280084 0 0 -1209559
0 3347507 1673949387 634618 16 278433 0 0 -1290227
0 3646419 1673949387 650621 16 276781 0 0 -1290636
0 4164271 1673949387 682596 16 275130 0 0 -1290243
0 4632833 1673949387 698619 16 273479 0 0 -1209519
0 4835513 1673949387 714619 16 271828 0 0 -1289856
0 4652289 1673949387 730581 16 270176 0 0 -1289883
0 4258379 1673949387 762593 16 268525 0 0 -1290388
0 3681028 1673949387 778583 16 266874 0 0 -1209692
0 3392968 1673949387 794593 16 265223 0 0 -1290365
0 3470626 1673949387 810596 16 263572 0 0 -1290184
0 3823104 1673949387 842587 16 261920 0 0 -1290164
0 4379549 1673949387 858603 16 260269 0 0 -1209602
0 4712214 1673949387 874561 16 258618 0 0 -1289993
0 4816526 1673949387 890576 16 256967 0 0 -1290649
0 4552027 1673949387 922565 16 255316 0 0 -1290400
0 4032093 1673949387 938579 16 253665 0 0 -1209428
0 3586534 1673949387 954572 16 252013 0 0 -1290031
0 3323070 1673949387 986538 16 250362 0 0 -1290000
0 3461208 1673949388 2547 16 248711 0 0 -1209572
0 3872285 1673949388 18544 16 247059 0 0 -1209511
0 4365397 1673949388 34543 16 245408 0 0 -1290134
0 4749197 1673949388 66550 16 243757 0 0 -1290305
0 4782307 1673949388 82536 16 242106 0 0 -1209248
0 4432666 1673949388 98513 16 240454 0 0 -1209638
0 3923525 1673949388 114550 16 238803 0 0 -1290457
0 3508213 1673949388 146420 16 237152 0 0 -1290129
0 3325501 1673949388 162467 16 235501 0 0 -1209772
0 3517075 1673949388 178519 16 233850 0 0 -1289829
0 3945509 1673949388 194524 16 232199 0 0 -1289300
0 4501253 1673949388 226424 16 230547 0 0 -1289317
0 4782008 1673949388 242377 16 228896 0 0 -1208944
0 4722159 1673949388 258462 16 227245 0 0 -1290052
0 4329722 1673949388 274466 16 225594 0 0 -1288961
0 3868896 1673949388 306491 16 223943 0 0 -1288689
0 3453885 1673949388 322477 16 222291 0 0 -1208431
0 3357568 1673949388 338477 16 220640 0 0 -1288859
0 3688373 1673949388 354378 16 218989 0 0 -1289331
0 4208075 1673949388 386441 16 217338 0 0 -1290857
0 4639585 1673949388 402450 16 215686 0 0 -1210085
0 4817284 1673949388 418462 16 214036 0 0 -1290259
0 4550013 1673949388 434449 16 212384 0 0 -1289761
0 4145308 1673949388 466426 16 210733 0 0 -1290744
0 3627979 1673949388 482440 16 209082 0 0 -1210227
0 3337728 1673949388 498424 16 207431 0 0 -1290716
0 3482433 1673949388 530387 16 205779 0 0 -1290834
0 3970751 1673949388 546332 16 204128 0 0 -1210312
0 4480410 1673949388 562341 16 202477 0 0 -1209864
0 4767375 1673949388 578411 16 200826 0 0 -1290498
0 4754458 1673949388 610400 16 199175 0 0 -1289984
0 4356489 1673949388 626379 16 197523 0 0 -1209469
0 3834344 1673949388 642359 16 195872 0 0 -1209550
0 3428057 1673949388 658413 16 194221 0 0 -1290309
0 3333892 1673949388 690424 16 192570 0 0 -1289907
0 3645951 1673949388 706438 16 190919 0 0 -1209005
0 4181066 1673949388 722407 16 189267 0 0 -1289484
0 4654824 1673949388 738394 16 187616 0 0 -1289241
0 4820670 1673949388 770396 16 185965 0 0 -1289462
0 4554148 1673949388 786382 16 184313 0 0 -1209593
0 4026853 1673949388 802392 16 182662 0 0 -1290273
0 3521562 1673949388 818390 16 181011 0 0 -1289961
0 3335299 1673949388 850385 16 179360 0 0 -1289779
0 3532793 1673949388 866396 16 177709 0 0 -1209719
0 4063489 1673949388 882397 16 176058 0 0 -1290251
0 4542523 1673949388 898282 16 174406 0 0 -1290382
0 4815197 1673949388 930386 16 172755 0 0 -1291236
0 4759001 1673949388 946315 16 171104 0 0 -1210228
0 4291667 1673949388 962319 16 169453 0 0 -1291519
0 3798808 1673949388 978396 16 167801 0 0 -1291435
0 3378732 1673949389 10387 16 166150 0 0 -1290763
0 3348470 1673949389 26356 16 164499 0 0 -1210150
0 3659132 1673949389 42365 16 162848 0 0 -1291066
0 4213372 1673949389 58404 16 161197 0 0 -1291086
0 4702928 1673949389 90389 16 159545 0 0 -1290704
0 4836373 1673949389 106396 16 157894 0 0 -1208959
0 4599223 1673949389 122319 16 156243 0 0 -1289765
0 4031461 1673949389 154313 16 154592 0 0 -1289826
0 3567380 1673949389 170374 16 152941 0 0 -1209169
0 3341541 1673949389 186289 16 151290 0 0 -1209329
0 3515362 1673949389 202300 16 149638 0 0 -1290880
0 4061529 1673949389 234341 16 147987 0 0 -1290457
0 4594472 1673949389 250323 16 146336 0 0 -1209829
0 4828882 1673949389 266259 16 144685 0 0 -1210305
0 4679375 1673949389 282305 16 143033 0 0 -1291628
0 4170223 1673949389 314216 16 141382 0 0 -1291236
0 3663482 1673949389 330263 16 139731 0 0 -1210066
0 3367209 1673949389 346131 16 138080 0 0 -1290194
0 3428524 1673949389 362151 16 136429 0 0 -1292148
0 3805505 1673949389 394268 16 134778 0 0 -1290987
0 4314851 1673949389 410256 16 133126 0 0 -1210238
0 4737877 1673949389 426301 16 131475 0 0 -1291077
0 4775601 1673949389 442272 16 129824 0 0 -1290443
0 4444792 1673949389 474243 16 128173 0 0 -1289991
0 3942235 1673949389 490226 16 126521 0 0 -1209960
0 3441090 1673949389 506207 16 124870 0 0 -1290521
0 3389838 1673949389 522172 16 123219 0 0 -1291185
0 3615383 1673949389 554124 16 121568 0 0 -1290198
0 4058206 1673949389 570205 16 119917 0 0 -1209905
0 4600065 1673949389 586193 16 118265 0 0 -1290050
0 4803457 1673949389 602088 16 116614 0 0 -1290050
0 4642312 1673949389 634198 16 114963 0 0 -1291567
0 4250370 1673949389 650196 16 113312 0 0 -1210383
0 3749536 1673949389 666204 16 111661 0 0 -1290897
0 3403910 1673949389 682158 16 110009 0 0 -1290742
0 3467429 1673949389 714187 16 108358 0 0 -1291015
0 3812635 1673949389 730215 16 106707 0 0 -1209974
0 4255753 1673949389 746225 16 105055 0 0 -1290284
0 4689831 1673949389 778166 16 103404 0 0 -1290898
0 4809778 1673949389 794168 16 101753 0 0 -1210311
0 4563802 1673949389 810150 16 100102 0 0 -1209225
0 4109057 1673949389 826136 16 98451 0 0 -1290298
0 3646628 1673949389 858133 16 96800 0 0 -1290419
0 3322440 1673949389 874141 16 95148 0 0 -1209843
0 3467877 1673949389 890116 16 93497 0 0 -1209298
0 3906488 1673949389 906143 16 91846 0 0 -1290239
0 4422390 1673949389 938116 16 90195 0 0 -1290151
0 4787886 1673949389 954083 16 88544 0 0 -1209705
0 4758561 1673949389 970116 16 86893 0 0 -1290504
0 4340649 1673949389 986104 16 85241 0 0 -1290290
0 3820949 1673949390 18106 16 83590 0 0 -1290229
0 3393287 1673949390 34097 0 81944 0 0 -1209224
0 3322504 1673949390 50100 0 80310 0 0 -1288212
0 3646122 1673949390 66106 0 78688 0 0 -1285431
0 4158079 1673949390 98095 0 77078 0 0 -1281116
0 4617444 1673949390 114075 0 75479 0 0 -1198260
0 4851921 1673949390 130080 0 73893 0 0 -1272653
0 4702264 1673949390 146004 0 72318 0 0 -1264850
0 4259167 1673949390 178070 0 70754 0 0 -1257318
0 3771114 1673949390 194060 0 69203 0 0 -1171543
0 3411905 1673949390 210063 0 67663 0 0 -1241661
0 3299896 1673949390 226046 0 66136 0 0 -1231094
0 3540122 1673949390 258061 0 64620 0 0 -1220930
0 3965726 1673949390 274037 0 63115 0 0 -1137214
0 4508024 1673949390 290024 0 61623 0 0 -1205033
0 4788363 1673949390 306043 0 60142 0 0 -1194703
0 4877529 1673949390 338041 0 58673 0 0 -1184229
0 4656219 1673949390 354023 0 57216 0 0 -1101913
0 4199186 1673949390 370043 0 55771 0 0 -1167609
0 3771237 1673949390 402021 0 54337 0 0 -1156988
0 3366953 1673949390 418006 0 52916 0 0 -1077328
0 3285921 1673949390 434019 0 51506 0 0 -1066948
0 3471883 1673949390 450023 0 50108 0 0 -1129908
0 3853533 1673949390 481996 0 48721 0 0 -1119402
0 4411310 1673949390 498003 0 47347 0 0 -1041802
0 4757098 1673949390 514021 0 45984 0 0 -1031562
0 4887895 1673949390 529995 0 44633 0 0 -1092201
0 4757167 1673949390 562013 0 43294 0 0 -1081903
0 4549437 1673949390 578011 0 41966 0 0 -1006846
0 4012167 1673949390 593992 0 40651 0 0 -1065847
0 3575310 1673949390 609999 0 39347 0 0 -1055518
0 3324653 1673949390 642003 0 38055 0 0 -1045222
0 3312047 1673949390 657988 0 36774 0 0 -972348
0 3527133 1673949390 673979 0 35506 0 0 -1029146
0 3894061 1673949390 689968 0 34250 0 0 -1018824
0 4399157 1673949390 721972 0 33005 0 0 -1008704
0 4664546 1673949390 737983 0 31772 0 0 -937927
0 4854946 1673949390 753982 0 30551 0 0 -992276
0 4779517 1673949390 769957 0 29341 0 0 -982014
0 4558615 1673949390 801957 0 28144 0 0 -971596
0 4075977 1673949390 817958 0 26958 0 0 -903389
0 3630454 1673949390 833959 0 25784 0 0 -955490
0 3362594 1673949390 849958 0 24621 0 0 -945112
0 3268744 1673949390 881931 0 23471 0 0 -934699
0 3397017 1673949390 897917 0 22332 0 0 -868695
0 3753930 1673949390 913935 0 21205 0 0 -918653
0 4099699 1673949390 929856 0 20090 0 0 -908261
0 4436593 1673949390 961939 0 18987 0 0 -898339
0 4736167 1673949390 977932 0 17895 0 0 -834443
0 4878861 1673949390 993909 0 16816 0 0 -881951
0 4863842 1673949391 25907 0 15748 0 0 -871756
0 4680491 1673949391 41935 0 14692 0 0 -809755
0 4370006 1673949391 57907 0 13647 0 0 -799316
0 4063681 1673949391 73910 0 12614 0 0 -844709
0 3707599 1673949391 105884 0 11594 0 0 -834145
0 3415827 1673949391 121898 0 10585 0 0 -774688
0 3279239 1673949391 137911 0 9587 0 0 -763815
0 3290903 1673949391 153912 0 8602 0 0 -806746
0 3396807 1673949391 185909 0 7628 0 0 -796440
0 3553858 1673949391 201868 0 6669 0 0 -738823
0 3764414 1673949391 217886 0 5764 0 0 -775863
0 3958984 1673949391 233913 0 4925 0 0 -755832
0 4055918 1673949391 265876 4 4152 0 0 -730138
0 4248155 1673949391 281817 4 3445 0 0 -665109
0 4470071 1673949391 297874 0 2804 0 0 -678630
0 4604381 1673949391 313868 0 2228 0 0 -637305
0 4639321 1673949391 345778 0 1719 0 0 -590917
0 4659832 1673949391 361876 0 1276 0 0 -517498
0 4626544 1673949391 377864 0 899 0 0 -507260
0 4637591 1673949391 393865 0 588 0 0 -449047
0 4526264 1673949391 425854 0 343 0 0 -391130
0 4358145 1673949391 441843 0 163 0 0 -324561
0 4061087 1673949391 457828 0 50 0 0 -301042
0 3790882 1673949391 473850 0 2 0 0 -242905
0 3627372 1673949391 505838 32 0 0 0 -187050
